ARMA_MAT_TXT_FN008
1000 1
   6.6597857475653200e+01
   6.6419831172755650e+01
   6.6496800806055347e+01
   6.6644142053394816e+01
   6.6659229220933511e+01
   6.6597791601645895e+01
   6.6113587596575741e+01
   6.5409293163596189e+01
   6.5507010455901636e+01
   6.5006335749138771e+01
   6.5038917804814304e+01
   6.3422612427174577e+01
   6.1154648236615522e+01
   5.6879309549593472e+01
   4.7530420634428083e+01
   2.9499658385222737e+01
   2.0785118756807273e+00
  -2.8218426460716607e+01
  -5.7753669525420548e+01
  -8.6725107606214664e+01
  -1.1236348442619739e+02
  -1.3305863768742600e+02
  -1.5207402403088574e+02
  -1.6854486317485765e+02
  -1.8390461480056339e+02
  -1.9642660027979133e+02
  -2.0715496032133322e+02
  -2.1734498085900051e+02
  -2.2557697568442518e+02
  -2.3388154303702251e+02
  -2.4010408707590298e+02
  -2.4581131079943492e+02
  -2.5039619615155416e+02
  -2.5564887767956853e+02
  -2.5832653782828476e+02
  -2.6171900336744579e+02
  -2.6421527368928508e+02
  -2.6572292537416524e+02
  -2.6773379520226752e+02
  -2.6872184427703689e+02
  -2.6971749696533595e+02
  -2.7079908742654135e+02
  -2.7177508051527235e+02
  -2.7189164061597108e+02
  -2.7229619812300575e+02
  -2.7258973087251883e+02
  -2.7320485102231396e+02
  -2.7324341439212776e+02
  -2.7350106846905447e+02
  -2.7352967707929633e+02
  -2.7363557474393150e+02
  -2.7341439877435840e+02
  -2.7334079106062632e+02
  -2.7345064115615827e+02
  -2.7349659053999551e+02
  -2.7326942030487072e+02
  -2.7341868434847095e+02
  -2.7328785904355897e+02
  -2.7312977916009197e+02
  -2.7328292387993855e+02
  -2.7322155129147933e+02
  -2.7348936111307199e+02
  -2.7319705556269349e+02
  -2.7312450885783244e+02
  -2.7294108045406767e+02
  -2.7287575135942336e+02
  -2.7301033355991200e+02
  -2.7316594605734952e+02
  -2.7277922794742688e+02
  -2.7299390426821611e+02
  -2.7283985140086799e+02
  -2.7273668393361726e+02
  -2.7281347319722317e+02
  -2.7268395719297558e+02
  -2.7271243261742063e+02
  -2.7263215381388136e+02
  -2.7252618495012234e+02
  -2.7256446083652310e+02
  -2.7281966721928671e+02
  -2.7249703707700883e+02
  -2.7266263942466605e+02
  -2.7239476705716669e+02
  -2.7261661984259700e+02
  -2.7239899127816449e+02
  -2.7230780675218205e+02
  -2.7225347475950571e+02
  -2.7227931081108966e+02
  -2.7208961587365957e+02
  -2.7234655558546604e+02
  -2.7230884226293432e+02
  -2.7197616912613358e+02
  -2.7180125259258347e+02
  -2.7191602350970498e+02
  -2.7182687148013923e+02
  -2.7199362199492964e+02
  -2.7150844781000922e+02
  -2.7142091716245034e+02
  -2.7158370881963333e+02
  -2.7138610537554280e+02
  -2.7153859207309847e+02
  -2.7148582999472205e+02
  -2.7139678774172711e+02
  -2.7131217443511639e+02
  -2.7133180521076684e+02
  -2.7139357484255385e+02
  -2.7121198519924684e+02
  -2.7117399586741260e+02
  -2.7127268310664408e+02
  -2.7108927348535468e+02
  -2.7100963955236205e+02
  -2.7099719683392181e+02
  -2.7105820906724080e+02
  -2.7099986035521260e+02
  -2.7078936466044343e+02
  -2.7081266088440890e+02
  -2.7070557803140122e+02
  -2.7068479542797530e+02
  -2.7078675847331368e+02
  -2.7066933040165270e+02
  -2.7052395928127004e+02
  -2.7049631693048167e+02
  -2.7051720005120529e+02
  -2.7028233269060934e+02
  -2.7037638071064549e+02
  -2.7048360636274953e+02
  -2.7042124910136300e+02
  -2.7024083158500792e+02
  -2.7034819975759734e+02
  -2.7020158328182174e+02
  -2.7012602658063417e+02
  -2.7011379587793016e+02
  -2.7007731286908893e+02
  -2.7019431834316964e+02
  -2.6985474064522867e+02
  -2.6998098914029600e+02
  -2.6952563864187232e+02
  -2.6983965128318613e+02
  -2.6984418004631726e+02
  -2.6962618366751042e+02
  -2.6967763376318720e+02
  -2.6965608194825393e+02
  -2.6974443409012235e+02
  -2.6950948438781859e+02
  -2.6948520706218892e+02
  -2.6935162334153074e+02
  -2.6937582477020464e+02
  -2.6916426714156012e+02
  -2.6931794037048581e+02
  -2.6920395395878472e+02
  -2.6912308595175182e+02
  -2.6913874797507430e+02
  -2.6906341386244952e+02
  -2.6905449679000594e+02
  -2.6878811212493633e+02
  -2.6885546783624864e+02
  -2.6886912857005632e+02
  -2.6858920740976220e+02
  -2.6879942261803444e+02
  -2.6885353897592853e+02
  -2.6869617483414908e+02
  -2.6848500877117652e+02
  -2.6848003928048212e+02
  -2.6860503350271307e+02
  -2.6846838579317159e+02
  -2.6849189872738032e+02
  -2.6821597317893907e+02
  -2.6851696005874129e+02
  -2.6821315645886136e+02
  -2.6822782389567391e+02
  -2.6831970267334458e+02
  -2.6819325162983228e+02
  -2.6798700283897216e+02
  -2.6809627779840599e+02
  -2.6806279265041951e+02
  -2.6790050351997598e+02
  -2.6798267781234927e+02
  -2.6805880509461286e+02
  -2.6792119826506405e+02
  -2.6777851781733625e+02
  -2.6767432658387020e+02
  -2.6767216396115560e+02
  -2.6751723659047417e+02
  -2.6759910775252706e+02
  -2.6748185677123604e+02
  -2.6737646794425615e+02
  -2.6745294597035098e+02
  -2.6740207322449663e+02
  -2.6740279227438231e+02
  -2.6730805703213946e+02
  -2.6730647171170250e+02
  -2.6709497746123827e+02
  -2.6721940795592633e+02
  -2.6715529071973276e+02
  -2.6710965083594903e+02
  -2.6711306059028618e+02
  -2.6707867421370514e+02
  -2.6687716467633595e+02
  -2.6690711368948411e+02
  -2.6676240594877055e+02
  -2.6678538478724926e+02
  -2.6677928066538607e+02
  -2.6668545909381822e+02
  -2.6659426004017752e+02
  -2.6667667920649239e+02
  -2.6669345860518007e+02
  -2.6648815591361324e+02
  -2.6644334199694310e+02
  -2.6646506436771057e+02
  -2.6644348708767359e+02
  -2.6631614272071761e+02
  -2.6632218986161769e+02
  -2.6627330249838957e+02
  -2.6610406188970080e+02
  -2.6616158965932277e+02
  -2.6623567997763979e+02
  -2.6610662426512420e+02
  -2.6617713812590677e+02
  -2.6600899223906390e+02
  -2.6611728583095675e+02
  -2.6586785712654302e+02
  -2.6582964671936134e+02
  -2.6581938774233606e+02
  -2.6579541604409070e+02
  -2.6581569426367383e+02
  -2.6575462868534578e+02
  -2.6565553229964371e+02
  -2.6571304563626188e+02
  -2.6559177332372462e+02
  -2.6554952852851778e+02
  -2.6557786086701390e+02
  -2.6556598144183585e+02
  -2.6543096849220063e+02
  -2.6543466157699072e+02
  -2.6533732032233263e+02
  -2.6530106903831074e+02
  -2.6523794664827881e+02
  -2.6534464458771424e+02
  -2.6524812416627424e+02
  -2.6532082785086129e+02
  -2.6514834945534830e+02
  -2.6514846333711364e+02
  -2.6500306504916449e+02
  -2.6510412108962464e+02
  -2.6509166020992774e+02
  -2.6498685836636673e+02
  -2.6492904782530104e+02
  -2.6498328536010217e+02
  -2.6483846827559842e+02
  -2.6495804906691029e+02
  -2.6491969360549700e+02
  -2.6481634362287491e+02
  -2.6487595963850657e+02
  -2.6481699058445901e+02
  -2.6465594506171578e+02
  -2.6447589816471611e+02
  -2.6469718847715905e+02
  -2.6473598625519458e+02
  -2.6459623498747885e+02
  -2.6460202003315743e+02
  -2.6445339408244791e+02
  -2.6453827132798693e+02
  -2.6439144312988014e+02
  -2.6427444419499159e+02
  -2.6425109830532631e+02
  -2.6425880035963672e+02
  -2.6425149058955338e+02
  -2.6426193963573741e+02
  -2.6425246237255215e+02
  -2.6426686067623103e+02
  -2.6416042336225871e+02
  -2.6405951076583449e+02
  -2.6416376328780666e+02
  -2.6409083266468144e+02
  -2.6415816637307455e+02
  -2.6409504888638236e+02
  -2.6396935227473557e+02
  -2.6382926253684701e+02
  -2.6390229034310261e+02
  -2.6381805570164499e+02
  -2.6387283044383150e+02
  -2.6397522793783764e+02
  -2.6387835682165831e+02
  -2.6371106057808936e+02
  -2.6363239366997459e+02
  -2.6369777546487597e+02
  -2.6380958982208290e+02
  -2.6365313448512217e+02
  -2.6357089706785939e+02
  -2.6370034333996091e+02
  -2.6338040879310483e+02
  -2.6344836289622816e+02
  -2.6357543559650452e+02
  -2.6349809676529560e+02
  -2.6337914887459289e+02
  -2.6349414268748797e+02
  -2.6344632826960799e+02
  -2.6341870595379879e+02
  -2.6342079870207624e+02
  -2.6326678675066836e+02
  -2.6330861743817906e+02
  -2.6333528969435258e+02
  -2.6327057476181363e+02
  -2.6319581041768151e+02
  -2.6321687389013613e+02
  -2.6315232926147615e+02
  -2.6327950485971712e+02
  -2.6304019148595074e+02
  -2.6299793104610933e+02
  -2.6301649903274858e+02
  -2.6294469269972120e+02
  -2.6288083736656301e+02
  -2.6300252457261035e+02
  -2.6288552139541167e+02
  -2.6302165892534771e+02
  -2.6293063281173249e+02
  -2.6283647403173524e+02
  -2.6294046649259019e+02
  -2.6291903098186123e+02
  -2.6268778637345213e+02
  -2.6280326839562582e+02
  -2.6286160328813230e+02
  -2.6258464823407303e+02
  -2.6269266889896824e+02
  -2.6268848238241594e+02
  -2.6250294907927497e+02
  -2.6271884089085199e+02
  -2.6260230945280449e+02
  -2.6265459630907930e+02
  -2.6260144344586251e+02
  -2.6255537635802165e+02
  -2.6256056018633501e+02
  -2.6250400543243603e+02
  -2.6245755433625652e+02
  -2.6246513144194489e+02
  -2.6247457425642096e+02
  -2.6236416713261883e+02
  -2.6235110721807160e+02
  -2.6226169977733991e+02
  -2.6235495387978915e+02
  -2.6223565966821661e+02
  -2.6224445773235976e+02
  -2.6215242811573899e+02
  -2.6237657966415952e+02
  -2.6228949155555335e+02
  -2.6214766697361461e+02
  -2.6219199569005616e+02
  -2.6218938340885859e+02
  -2.6214891399192146e+02
  -2.6204015587202576e+02
  -2.6194252614149542e+02
  -2.6213054687850058e+02
  -2.6195200850562037e+02
  -2.6195978507770144e+02
  -2.6206170247044111e+02
  -2.6189290581927497e+02
  -2.6201489338955156e+02
  -2.6207562673399894e+02
  -2.6198078280750138e+02
  -2.6182956392200879e+02
  -2.6197417631564167e+02
  -2.6198819762433925e+02
   0.0000000000000000e+00
   0.0000000000000000e+00
   0.0000000000000000e+00
   0.0000000000000000e+00
   0.0000000000000000e+00
   0.0000000000000000e+00
   0.0000000000000000e+00
   0.0000000000000000e+00
   0.0000000000000000e+00
   0.0000000000000000e+00
   0.0000000000000000e+00
   0.0000000000000000e+00
   0.0000000000000000e+00
   0.0000000000000000e+00
   0.0000000000000000e+00
   0.0000000000000000e+00
   0.0000000000000000e+00
   0.0000000000000000e+00
   0.0000000000000000e+00
   0.0000000000000000e+00
   0.0000000000000000e+00
   0.0000000000000000e+00
   0.0000000000000000e+00
   0.0000000000000000e+00
   0.0000000000000000e+00
   0.0000000000000000e+00
   0.0000000000000000e+00
   0.0000000000000000e+00
   0.0000000000000000e+00
   0.0000000000000000e+00
   0.0000000000000000e+00
   0.0000000000000000e+00
   0.0000000000000000e+00
   0.0000000000000000e+00
   0.0000000000000000e+00
   0.0000000000000000e+00
   0.0000000000000000e+00
   0.0000000000000000e+00
   0.0000000000000000e+00
   0.0000000000000000e+00
   0.0000000000000000e+00
   0.0000000000000000e+00
   0.0000000000000000e+00
   0.0000000000000000e+00
   0.0000000000000000e+00
   0.0000000000000000e+00
   0.0000000000000000e+00
   0.0000000000000000e+00
   0.0000000000000000e+00
   0.0000000000000000e+00
   0.0000000000000000e+00
   0.0000000000000000e+00
   0.0000000000000000e+00
   0.0000000000000000e+00
   0.0000000000000000e+00
   0.0000000000000000e+00
   0.0000000000000000e+00
   0.0000000000000000e+00
   0.0000000000000000e+00
   0.0000000000000000e+00
   0.0000000000000000e+00
   0.0000000000000000e+00
   0.0000000000000000e+00
   0.0000000000000000e+00
   0.0000000000000000e+00
   0.0000000000000000e+00
   0.0000000000000000e+00
   0.0000000000000000e+00
   0.0000000000000000e+00
   0.0000000000000000e+00
   0.0000000000000000e+00
   0.0000000000000000e+00
   0.0000000000000000e+00
   0.0000000000000000e+00
   0.0000000000000000e+00
   0.0000000000000000e+00
   0.0000000000000000e+00
   0.0000000000000000e+00
   0.0000000000000000e+00
   0.0000000000000000e+00
   0.0000000000000000e+00
   0.0000000000000000e+00
   0.0000000000000000e+00
   0.0000000000000000e+00
   0.0000000000000000e+00
   0.0000000000000000e+00
   0.0000000000000000e+00
   0.0000000000000000e+00
   0.0000000000000000e+00
   0.0000000000000000e+00
   0.0000000000000000e+00
   0.0000000000000000e+00
   0.0000000000000000e+00
   0.0000000000000000e+00
   0.0000000000000000e+00
   0.0000000000000000e+00
   0.0000000000000000e+00
   0.0000000000000000e+00
   0.0000000000000000e+00
   0.0000000000000000e+00
   0.0000000000000000e+00
   0.0000000000000000e+00
   0.0000000000000000e+00
   0.0000000000000000e+00
   0.0000000000000000e+00
   0.0000000000000000e+00
   0.0000000000000000e+00
   0.0000000000000000e+00
   0.0000000000000000e+00
   0.0000000000000000e+00
   0.0000000000000000e+00
   0.0000000000000000e+00
   0.0000000000000000e+00
   0.0000000000000000e+00
   0.0000000000000000e+00
   0.0000000000000000e+00
   0.0000000000000000e+00
   0.0000000000000000e+00
   0.0000000000000000e+00
   0.0000000000000000e+00
   0.0000000000000000e+00
   0.0000000000000000e+00
   0.0000000000000000e+00
   0.0000000000000000e+00
   0.0000000000000000e+00
   0.0000000000000000e+00
   0.0000000000000000e+00
   0.0000000000000000e+00
   0.0000000000000000e+00
   0.0000000000000000e+00
   0.0000000000000000e+00
   0.0000000000000000e+00
   0.0000000000000000e+00
   0.0000000000000000e+00
   0.0000000000000000e+00
   0.0000000000000000e+00
   0.0000000000000000e+00
   0.0000000000000000e+00
   0.0000000000000000e+00
   0.0000000000000000e+00
   0.0000000000000000e+00
   0.0000000000000000e+00
   0.0000000000000000e+00
   0.0000000000000000e+00
   0.0000000000000000e+00
   0.0000000000000000e+00
   0.0000000000000000e+00
   0.0000000000000000e+00
   0.0000000000000000e+00
   0.0000000000000000e+00
   0.0000000000000000e+00
   0.0000000000000000e+00
   0.0000000000000000e+00
   0.0000000000000000e+00
   0.0000000000000000e+00
   0.0000000000000000e+00
   0.0000000000000000e+00
   0.0000000000000000e+00
   0.0000000000000000e+00
   0.0000000000000000e+00
   0.0000000000000000e+00
   0.0000000000000000e+00
   0.0000000000000000e+00
   0.0000000000000000e+00
   0.0000000000000000e+00
   0.0000000000000000e+00
   0.0000000000000000e+00
   0.0000000000000000e+00
   0.0000000000000000e+00
   0.0000000000000000e+00
   0.0000000000000000e+00
   0.0000000000000000e+00
   0.0000000000000000e+00
   0.0000000000000000e+00
   0.0000000000000000e+00
   0.0000000000000000e+00
   0.0000000000000000e+00
   0.0000000000000000e+00
   0.0000000000000000e+00
   0.0000000000000000e+00
   0.0000000000000000e+00
   0.0000000000000000e+00
   0.0000000000000000e+00
   0.0000000000000000e+00
   0.0000000000000000e+00
   0.0000000000000000e+00
   0.0000000000000000e+00
   0.0000000000000000e+00
   0.0000000000000000e+00
   0.0000000000000000e+00
   0.0000000000000000e+00
   0.0000000000000000e+00
   0.0000000000000000e+00
   0.0000000000000000e+00
   0.0000000000000000e+00
   0.0000000000000000e+00
   0.0000000000000000e+00
   0.0000000000000000e+00
   0.0000000000000000e+00
   0.0000000000000000e+00
   0.0000000000000000e+00
   0.0000000000000000e+00
   0.0000000000000000e+00
   0.0000000000000000e+00
   0.0000000000000000e+00
   0.0000000000000000e+00
   0.0000000000000000e+00
   0.0000000000000000e+00
   0.0000000000000000e+00
   0.0000000000000000e+00
   0.0000000000000000e+00
   0.0000000000000000e+00
   0.0000000000000000e+00
   0.0000000000000000e+00
   0.0000000000000000e+00
   0.0000000000000000e+00
   0.0000000000000000e+00
   0.0000000000000000e+00
   0.0000000000000000e+00
   0.0000000000000000e+00
   0.0000000000000000e+00
   0.0000000000000000e+00
   0.0000000000000000e+00
   0.0000000000000000e+00
   0.0000000000000000e+00
   0.0000000000000000e+00
   0.0000000000000000e+00
   0.0000000000000000e+00
   0.0000000000000000e+00
   0.0000000000000000e+00
   0.0000000000000000e+00
   0.0000000000000000e+00
   0.0000000000000000e+00
   0.0000000000000000e+00
   0.0000000000000000e+00
   0.0000000000000000e+00
   0.0000000000000000e+00
   0.0000000000000000e+00
   0.0000000000000000e+00
   0.0000000000000000e+00
   0.0000000000000000e+00
   0.0000000000000000e+00
   0.0000000000000000e+00
   0.0000000000000000e+00
   0.0000000000000000e+00
   0.0000000000000000e+00
   0.0000000000000000e+00
   0.0000000000000000e+00
   0.0000000000000000e+00
   0.0000000000000000e+00
   0.0000000000000000e+00
   0.0000000000000000e+00
   0.0000000000000000e+00
   0.0000000000000000e+00
   0.0000000000000000e+00
   0.0000000000000000e+00
   0.0000000000000000e+00
   0.0000000000000000e+00
   0.0000000000000000e+00
   0.0000000000000000e+00
   0.0000000000000000e+00
   0.0000000000000000e+00
   0.0000000000000000e+00
   0.0000000000000000e+00
   0.0000000000000000e+00
   0.0000000000000000e+00
   0.0000000000000000e+00
   0.0000000000000000e+00
   0.0000000000000000e+00
   0.0000000000000000e+00
   0.0000000000000000e+00
   0.0000000000000000e+00
   0.0000000000000000e+00
   0.0000000000000000e+00
   0.0000000000000000e+00
   0.0000000000000000e+00
   0.0000000000000000e+00
   0.0000000000000000e+00
   0.0000000000000000e+00
   0.0000000000000000e+00
   0.0000000000000000e+00
   0.0000000000000000e+00
   0.0000000000000000e+00
   0.0000000000000000e+00
   0.0000000000000000e+00
   0.0000000000000000e+00
   0.0000000000000000e+00
   0.0000000000000000e+00
   0.0000000000000000e+00
   0.0000000000000000e+00
   0.0000000000000000e+00
   0.0000000000000000e+00
   0.0000000000000000e+00
   0.0000000000000000e+00
   0.0000000000000000e+00
   0.0000000000000000e+00
   0.0000000000000000e+00
   0.0000000000000000e+00
   0.0000000000000000e+00
   0.0000000000000000e+00
   0.0000000000000000e+00
   0.0000000000000000e+00
   0.0000000000000000e+00
   0.0000000000000000e+00
   0.0000000000000000e+00
   0.0000000000000000e+00
   0.0000000000000000e+00
   0.0000000000000000e+00
   0.0000000000000000e+00
   0.0000000000000000e+00
   0.0000000000000000e+00
   0.0000000000000000e+00
   0.0000000000000000e+00
   0.0000000000000000e+00
   0.0000000000000000e+00
   0.0000000000000000e+00
   0.0000000000000000e+00
   0.0000000000000000e+00
   0.0000000000000000e+00
   0.0000000000000000e+00
   0.0000000000000000e+00
   0.0000000000000000e+00
   0.0000000000000000e+00
   0.0000000000000000e+00
   0.0000000000000000e+00
   0.0000000000000000e+00
   0.0000000000000000e+00
   0.0000000000000000e+00
   0.0000000000000000e+00
   0.0000000000000000e+00
   0.0000000000000000e+00
   0.0000000000000000e+00
   0.0000000000000000e+00
   0.0000000000000000e+00
   0.0000000000000000e+00
   0.0000000000000000e+00
   0.0000000000000000e+00
   0.0000000000000000e+00
   0.0000000000000000e+00
   0.0000000000000000e+00
   0.0000000000000000e+00
   0.0000000000000000e+00
   0.0000000000000000e+00
   0.0000000000000000e+00
   0.0000000000000000e+00
   0.0000000000000000e+00
   0.0000000000000000e+00
   0.0000000000000000e+00
   0.0000000000000000e+00
   0.0000000000000000e+00
   0.0000000000000000e+00
   0.0000000000000000e+00
   0.0000000000000000e+00
   0.0000000000000000e+00
   0.0000000000000000e+00
   0.0000000000000000e+00
   0.0000000000000000e+00
   0.0000000000000000e+00
   0.0000000000000000e+00
   0.0000000000000000e+00
   0.0000000000000000e+00
   0.0000000000000000e+00
   0.0000000000000000e+00
   0.0000000000000000e+00
   0.0000000000000000e+00
   0.0000000000000000e+00
   0.0000000000000000e+00
   0.0000000000000000e+00
   0.0000000000000000e+00
   0.0000000000000000e+00
   0.0000000000000000e+00
   0.0000000000000000e+00
   0.0000000000000000e+00
   0.0000000000000000e+00
   0.0000000000000000e+00
   0.0000000000000000e+00
   0.0000000000000000e+00
   0.0000000000000000e+00
   0.0000000000000000e+00
   0.0000000000000000e+00
   0.0000000000000000e+00
   0.0000000000000000e+00
   0.0000000000000000e+00
   0.0000000000000000e+00
   0.0000000000000000e+00
   0.0000000000000000e+00
   0.0000000000000000e+00
   0.0000000000000000e+00
   0.0000000000000000e+00
   0.0000000000000000e+00
   0.0000000000000000e+00
   0.0000000000000000e+00
   0.0000000000000000e+00
   0.0000000000000000e+00
   0.0000000000000000e+00
   0.0000000000000000e+00
   0.0000000000000000e+00
   0.0000000000000000e+00
   0.0000000000000000e+00
   0.0000000000000000e+00
   0.0000000000000000e+00
   0.0000000000000000e+00
   0.0000000000000000e+00
   0.0000000000000000e+00
   0.0000000000000000e+00
   0.0000000000000000e+00
   0.0000000000000000e+00
   0.0000000000000000e+00
   0.0000000000000000e+00
   0.0000000000000000e+00
   0.0000000000000000e+00
   0.0000000000000000e+00
   0.0000000000000000e+00
   0.0000000000000000e+00
   0.0000000000000000e+00
   0.0000000000000000e+00
   0.0000000000000000e+00
   0.0000000000000000e+00
   0.0000000000000000e+00
   0.0000000000000000e+00
   0.0000000000000000e+00
   0.0000000000000000e+00
   0.0000000000000000e+00
   0.0000000000000000e+00
   0.0000000000000000e+00
   0.0000000000000000e+00
   0.0000000000000000e+00
   0.0000000000000000e+00
   0.0000000000000000e+00
   0.0000000000000000e+00
   0.0000000000000000e+00
   0.0000000000000000e+00
   0.0000000000000000e+00
   0.0000000000000000e+00
   0.0000000000000000e+00
   0.0000000000000000e+00
   0.0000000000000000e+00
   0.0000000000000000e+00
   0.0000000000000000e+00
   0.0000000000000000e+00
   0.0000000000000000e+00
   0.0000000000000000e+00
   0.0000000000000000e+00
   0.0000000000000000e+00
   0.0000000000000000e+00
   0.0000000000000000e+00
   0.0000000000000000e+00
   0.0000000000000000e+00
   0.0000000000000000e+00
   0.0000000000000000e+00
   0.0000000000000000e+00
   0.0000000000000000e+00
   0.0000000000000000e+00
   0.0000000000000000e+00
   0.0000000000000000e+00
   0.0000000000000000e+00
   0.0000000000000000e+00
   0.0000000000000000e+00
   0.0000000000000000e+00
   0.0000000000000000e+00
   0.0000000000000000e+00
   0.0000000000000000e+00
   0.0000000000000000e+00
   0.0000000000000000e+00
   0.0000000000000000e+00
   0.0000000000000000e+00
   0.0000000000000000e+00
   0.0000000000000000e+00
   0.0000000000000000e+00
   0.0000000000000000e+00
   0.0000000000000000e+00
   0.0000000000000000e+00
   0.0000000000000000e+00
   0.0000000000000000e+00
   0.0000000000000000e+00
   0.0000000000000000e+00
   0.0000000000000000e+00
   0.0000000000000000e+00
   0.0000000000000000e+00
   0.0000000000000000e+00
   0.0000000000000000e+00
   0.0000000000000000e+00
   0.0000000000000000e+00
   0.0000000000000000e+00
   0.0000000000000000e+00
   0.0000000000000000e+00
   0.0000000000000000e+00
   0.0000000000000000e+00
   0.0000000000000000e+00
   0.0000000000000000e+00
   0.0000000000000000e+00
   0.0000000000000000e+00
   0.0000000000000000e+00
   0.0000000000000000e+00
   0.0000000000000000e+00
   0.0000000000000000e+00
   0.0000000000000000e+00
   0.0000000000000000e+00
   0.0000000000000000e+00
   0.0000000000000000e+00
   0.0000000000000000e+00
   0.0000000000000000e+00
   0.0000000000000000e+00
   0.0000000000000000e+00
   0.0000000000000000e+00
   0.0000000000000000e+00
   0.0000000000000000e+00
   0.0000000000000000e+00
   0.0000000000000000e+00
   0.0000000000000000e+00
   0.0000000000000000e+00
   0.0000000000000000e+00
   0.0000000000000000e+00
   0.0000000000000000e+00
   0.0000000000000000e+00
   0.0000000000000000e+00
   0.0000000000000000e+00
   0.0000000000000000e+00
   0.0000000000000000e+00
   0.0000000000000000e+00
   0.0000000000000000e+00
   0.0000000000000000e+00
   0.0000000000000000e+00
   0.0000000000000000e+00
   0.0000000000000000e+00
   0.0000000000000000e+00
   0.0000000000000000e+00
   0.0000000000000000e+00
   0.0000000000000000e+00
   0.0000000000000000e+00
   0.0000000000000000e+00
   0.0000000000000000e+00
   0.0000000000000000e+00
   0.0000000000000000e+00
   0.0000000000000000e+00
   0.0000000000000000e+00
   0.0000000000000000e+00
   0.0000000000000000e+00
   0.0000000000000000e+00
   0.0000000000000000e+00
   0.0000000000000000e+00
   0.0000000000000000e+00
   0.0000000000000000e+00
   0.0000000000000000e+00
   0.0000000000000000e+00
   0.0000000000000000e+00
   0.0000000000000000e+00
   0.0000000000000000e+00
   0.0000000000000000e+00
   0.0000000000000000e+00
   0.0000000000000000e+00
   0.0000000000000000e+00
   0.0000000000000000e+00
   0.0000000000000000e+00
   0.0000000000000000e+00
   0.0000000000000000e+00
   0.0000000000000000e+00
   0.0000000000000000e+00
   0.0000000000000000e+00
   0.0000000000000000e+00
   0.0000000000000000e+00
   0.0000000000000000e+00
   0.0000000000000000e+00
   0.0000000000000000e+00
   0.0000000000000000e+00
   0.0000000000000000e+00
   0.0000000000000000e+00
   0.0000000000000000e+00
   0.0000000000000000e+00
   0.0000000000000000e+00
   0.0000000000000000e+00
   0.0000000000000000e+00
   0.0000000000000000e+00
   0.0000000000000000e+00
   0.0000000000000000e+00
   0.0000000000000000e+00
   0.0000000000000000e+00
   0.0000000000000000e+00
   0.0000000000000000e+00
   0.0000000000000000e+00
   0.0000000000000000e+00
   0.0000000000000000e+00
   0.0000000000000000e+00
   0.0000000000000000e+00
   0.0000000000000000e+00
   0.0000000000000000e+00
   0.0000000000000000e+00
   0.0000000000000000e+00
   0.0000000000000000e+00
   0.0000000000000000e+00
   0.0000000000000000e+00
   0.0000000000000000e+00
   0.0000000000000000e+00
   0.0000000000000000e+00
   0.0000000000000000e+00
   0.0000000000000000e+00
   0.0000000000000000e+00
   0.0000000000000000e+00
   0.0000000000000000e+00
   0.0000000000000000e+00
   0.0000000000000000e+00
   0.0000000000000000e+00
   0.0000000000000000e+00
   0.0000000000000000e+00
   0.0000000000000000e+00
   0.0000000000000000e+00
   0.0000000000000000e+00
   0.0000000000000000e+00
   0.0000000000000000e+00
   0.0000000000000000e+00
   0.0000000000000000e+00
   0.0000000000000000e+00
   0.0000000000000000e+00
   0.0000000000000000e+00
   0.0000000000000000e+00
   0.0000000000000000e+00
   0.0000000000000000e+00
   0.0000000000000000e+00
   0.0000000000000000e+00
   0.0000000000000000e+00
   0.0000000000000000e+00
   0.0000000000000000e+00
   0.0000000000000000e+00
   0.0000000000000000e+00
   0.0000000000000000e+00
   0.0000000000000000e+00
   0.0000000000000000e+00
   0.0000000000000000e+00
   0.0000000000000000e+00
   0.0000000000000000e+00
   0.0000000000000000e+00
   0.0000000000000000e+00
   0.0000000000000000e+00
   0.0000000000000000e+00
   0.0000000000000000e+00
   0.0000000000000000e+00
   0.0000000000000000e+00
   0.0000000000000000e+00
   0.0000000000000000e+00
