0.000000000000000000e+00 1.164570193465896096e-02 4.652597683558809018e-03 8.955240518246532222e-02 1.751135857414818364e-01
1.000000000000000000e+00 9.480536800331567857e-03 4.076239020425182977e-03 1.059727554321943099e-01 1.427603345403248014e-01
2.000000000000000000e+00 6.926877808390188677e-03 3.630812478071495340e-03 7.622067493440076724e-02 1.614912259200310118e-01
3.000000000000000000e+00 4.224404937878113893e-03 3.273586462435300326e-03 2.769572784303209190e-02 1.594287259200309892e-01
4.000000000000000000e+00 3.232437786538572451e-03 3.175429431358802422e-03 3.490928480071464612e-02 1.610537259200309768e-01
5.000000000000000000e+00 2.946108222421400108e-03 3.142532620930666657e-03 2.059666608180477088e-02 1.352724759200309990e-01
6.000000000000000000e+00 2.846183236928350162e-03 3.145072654525786927e-03 2.457391425851818134e-02 1.389287259200309710e-01
7.000000000000000000e+00 2.894868298934543446e-03 3.131402716455012648e-03 2.574416699905160422e-02 1.468662259200310127e-01
8.000000000000000000e+00 2.973395551463819692e-03 3.151096742924564247e-03 2.061640599487002401e-02 1.467073357414818702e-01
9.000000000000000000e+00 3.071235538567270492e-03 3.153868416895621533e-03 2.519898208633464254e-02 1.650849759200309630e-01
1.000000000000000000e+01 3.492234293278190672e-03 3.188799998316799861e-03 3.519568916971621553e-02 1.657099759200310052e-01
1.100000000000000000e+01 3.988297013046369563e-03 3.230691299387716386e-03 3.645726791366532549e-02 1.410537259200310145e-01
1.200000000000000000e+01 4.138670587520154598e-03 3.223739170179018652e-03 4.736986445576230054e-02 1.536760857414818382e-01
1.300000000000000000e+01 4.958549777646377443e-03 3.348840880718857282e-03 3.915817493440076902e-02 1.605849759200310145e-01
1.400000000000000000e+01 6.100949555945769064e-03 3.514295089282984830e-03 5.067014837620631429e-02 1.661787259200309674e-01
1.500000000000000000e+01 7.225816848194832435e-03 3.708074886713106592e-03 6.565650724025573481e-02 1.898323357414818391e-01
1.600000000000000000e+01 7.791068107416874826e-03 3.810485394044900616e-03 6.855101791366535746e-02 1.762073357414818409e-01
1.700000000000000000e+01 7.830333661446713459e-03 3.851378549530429327e-03 6.330378285919402437e-02 1.938662259200309990e-01
1.800000000000000000e+01 9.170126430341020429e-03 4.113779674628986922e-03 6.629514837620631429e-02 1.737385857414818213e-01
1.900000000000000000e+01 9.480991428952640146e-03 4.166066935395895676e-03 6.888909105472607042e-02 1.777724759200309812e-01
2.000000000000000000e+01 1.011855233653499372e-02 4.338965679739535675e-03 7.333112430642818591e-02 2.034573357414818373e-01
2.100000000000000000e+01 1.019230282213937772e-02 4.343155953034539760e-03 7.678428480071464168e-02 1.798037259200309657e-01
2.200000000000000000e+01 9.932592876545730601e-03 4.261587530136677453e-03 6.811490518246532400e-02 1.788323357414818293e-01
2.300000000000000000e+01 1.046213664181391313e-02 4.393518522870184552e-03 7.527454852785520067e-02 1.719287259200310003e-01
2.400000000000000000e+01 1.058893418557852080e-02 4.408398664659080382e-03 6.874329852785510120e-02 1.622385857414818666e-01
2.500000000000000000e+01 1.071298238754413504e-02 4.427171094616173114e-03 6.633704852785515804e-02 1.895823357414818666e-01
2.600000000000000000e+01 1.062400413509956808e-02 4.401062404948566723e-03 7.488472468454054898e-02 1.628635857414818533e-01
2.700000000000000000e+01 1.076401456340546868e-02 4.448750588625835153e-03 6.899870079501158049e-02 1.649885857414818968e-01
2.800000000000000000e+01 1.100206701714981535e-02 4.458263575653772549e-03 7.240650724025576856e-02 1.616135857414818799e-01
2.900000000000000000e+01 1.140642913495965027e-02 4.612171299026048693e-03 6.908503285919398440e-02 1.678349759200309932e-01
3.000000000000000000e+01 1.120002784897090181e-02 4.528858863651537628e-03 8.371361445576230853e-02 1.765510857414818169e-01
3.100000000000000000e+01 1.089172568309619039e-02 4.369116067174634924e-03 8.018166699905160399e-02 1.534739517783003659e-01
3.200000000000000000e+01 1.170178568033774028e-02 4.653248465360082520e-03 9.105736445576229077e-02 1.907099759200309719e-01
3.300000000000000000e+01 1.074135531451938727e-02 4.338078242524404625e-03 6.072847468454056763e-02 1.330510857414818338e-01
3.400000000000000000e+01 1.146313454537863617e-02 4.551931256664623962e-03 7.004987430642817259e-02 1.752724759200309790e-01
3.500000000000000000e+01 1.086477551007877275e-02 4.382584646077987249e-03 7.204534105472604200e-02 1.629885857414818950e-01
3.600000000000000000e+01 1.097015802882738214e-02 4.354525618453458299e-03 6.633704852785515804e-02 1.454287259200309768e-01
3.700000000000000000e+01 1.116206132750704495e-02 4.462437875985418405e-03 9.327995079501161246e-02 1.750537259200309892e-01
3.800000000000000000e+01 1.078643417632454450e-02 4.309479174521135131e-03 5.883045660144350930e-02 1.431787259200310025e-01
3.900000000000000000e+01 1.088515723511857165e-02 4.306717891542866279e-03 6.302541699905161998e-02 1.506787259200310092e-01
4.000000000000000000e+01 1.051613702853271270e-02 4.255587728917010863e-03 6.196369943632440425e-02 1.546448357414818009e-01
4.100000000000000000e+01 1.065543904965362415e-02 4.277792001135878597e-03 5.941597468454051789e-02 1.517099759200309927e-01
4.200000000000000000e+01 1.057944791725105166e-02 4.257477713592456789e-03 6.619053480071468432e-02 1.778974759200309674e-01
4.300000000000000000e+01 1.089174388817579046e-02 4.355487366726091235e-03 6.868620079501153164e-02 1.541448357414818560e-01
4.400000000000000000e+01 1.098110691864039382e-02 4.346521217628191401e-03 8.496361445576239291e-02 1.624885857414818391e-01
4.500000000000000000e+01 1.044936779426656678e-02 4.139596354377763840e-03 5.455378285919398884e-02 1.315763983762062717e-01
4.600000000000000000e+01 1.070875956674069082e-02 4.307645242741242608e-03 6.111994943632448329e-02 1.462290845403247941e-01
4.700000000000000000e+01 1.014207662825711460e-02 4.075258059083121213e-03 6.011170660144349309e-02 1.365510857414818924e-01
4.800000000000000000e+01 1.052274526705958453e-02 4.226841505004250502e-03 5.718244943632444510e-02 1.786162259200310132e-01
4.900000000000000000e+01 9.973157998431007865e-03 4.009191433887243465e-03 6.784678480071459905e-02 1.355364517783003431e-01
5.000000000000000000e+01 1.016129233381074179e-02 4.084602645999563415e-03 5.640690164382466953e-02 1.419826483762063329e-01
5.100000000000000000e+01 1.022047302781169467e-02 4.143888578071261951e-03 5.383861445576232363e-02 1.523323357414818613e-01
5.200000000000000000e+01 1.017667613125125547e-02 4.063936665557145618e-03 4.970949894846810047e-02 1.321448357414818364e-01
5.300000000000000000e+01 9.865702875761710178e-03 4.020389397961524058e-03 5.605579852785513850e-02 1.341760857414818764e-01
5.400000000000000000e+01 9.465727286525763354e-03 3.874913981848983422e-03 5.295545660144349021e-02 1.449912259200309972e-01
5.500000000000000000e+01 9.505013016931570385e-03 3.908767112694208623e-03 6.140111445576235116e-02 1.416448357414817893e-01
5.600000000000000000e+01 9.572614282040007791e-03 3.909969350587657114e-03 6.859567493440071884e-02 1.335849759200309905e-01
5.700000000000000000e+01 9.796919881696215457e-03 4.019700153005396730e-03 5.187525724025576768e-02 1.735510857414818142e-01
5.800000000000000000e+01 9.647762457148852458e-03 3.849668986615120431e-03 5.102619943632447086e-02 1.151355226833801759e-01
5.900000000000000000e+01 9.639848693041961833e-03 3.930831128838676788e-03 5.680579852785516692e-02 1.618323357414818142e-01
6.000000000000000000e+01 9.267182624868452664e-03 3.761217563405675271e-03 6.106553480071463813e-02 1.242412259200310065e-01
6.100000000000000000e+01 9.442658567868513972e-03 3.821787456057231143e-03 6.239615518246532933e-02 1.258699285448795224e-01
6.200000000000000000e+01 9.329451717385191939e-03 3.795632996399598419e-03 5.962099456780567408e-02 1.106787259200309737e-01
6.300000000000000000e+01 8.977576165808694164e-03 3.645329226769562000e-03 5.675025724025573037e-02 1.191614517783003424e-01
6.400000000000000000e+01 9.132475987541587709e-03 3.772370951180787496e-03 5.627619943632444777e-02 1.387099759200309812e-01
6.500000000000000000e+01 9.596381589926612082e-03 3.729502299535749927e-03 9.315111445576229610e-02 1.112668634042301985e-01
6.600000000000000000e+01 9.476420899004451767e-03 3.812967873222441843e-03 8.203428480071461859e-02 1.563323357414818648e-01
6.700000000000000000e+01 9.003509857317498061e-03 3.705556888081146857e-03 4.871361445576238847e-02 1.076355226833801693e-01
6.800000000000000000e+01 8.414383399340315262e-03 3.500228359760980314e-03 4.129036101993216468e-02 1.145537259200309910e-01
6.900000000000000000e+01 8.922334980944343630e-03 3.701710237579468234e-03 5.105378285919404124e-02 1.180823357414818586e-01
7.000000000000000000e+01 8.286925163848731998e-03 3.588023085990381562e-03 3.873962207788131384e-02 1.338349759200309630e-01
7.100000000000000000e+01 8.403965672678936211e-03 3.491810938613589769e-03 4.682901356834001660e-02 1.035849759200309639e-01
7.200000000000000000e+01 8.243171690939181395e-03 3.482624446670289867e-03 4.242420660144349820e-02 1.303974759200309808e-01
7.300000000000000000e+01 9.229957138504191194e-03 3.670950165819824099e-03 9.368620079501155384e-02 1.225612007950115379e-01
7.400000000000000000e+01 8.889193072336532692e-03 3.553108245743651257e-03 7.237803480071458573e-02 1.231474759200310021e-01
7.500000000000000000e+01 8.303486134164267049e-03 3.429691595197002698e-03 5.118349456780568740e-02 1.348349759200309639e-01
7.600000000000000000e+01 8.572295545120369592e-03 3.519149813857324477e-03 5.152611445576238403e-02 1.210823357414818613e-01
7.700000000000000000e+01 7.873951075907678274e-03 3.346935132874007037e-03 3.457283454032478165e-02 1.256448357414818862e-01
7.800000000000000000e+01 8.093856526183320840e-03 3.404076103740870732e-03 4.734245079501153697e-02 1.271162259200309674e-01
7.900000000000000000e+01 8.116535076869008797e-03 3.393274385348711650e-03 5.180666699905162043e-02 1.101614517783003622e-01
8.000000000000000000e+01 8.054617873115753335e-03 3.414901697803824840e-03 4.599486445576228544e-02 1.083974759200309612e-01
8.100000000000000000e+01 7.811392227399307185e-03 3.332676184973122884e-03 4.360784105472603756e-02 1.108010857414818418e-01
8.200000000000000000e+01 7.921578472107905153e-03 3.283937665434489422e-03 5.449486445576234850e-02 1.101824285448795293e-01
8.300000000000000000e+01 7.511552630873512618e-03 3.282763802230395569e-03 4.492601791366535036e-02 1.158037259200309643e-01
8.400000000000000000e+01 7.737652846039673460e-03 3.273990924309233379e-03 4.705240518246533998e-02 1.037698357414817973e-01
8.500000000000000000e+01 7.528856602441172038e-03 3.251060671210642683e-03 4.630666699905161554e-02 1.188037259200309670e-01
8.600000000000000000e+01 7.392648668516915364e-03 3.213985058084762193e-03 4.518244943632443444e-02 1.183037259200309665e-01
8.700000000000000000e+01 7.457542732292122070e-03 3.240410802899232768e-03 3.749128285919400838e-02 9.964483574148186307e-02
8.800000000000000000e+01 7.249628229052360560e-03 3.183954017318761567e-03 3.618349456780567408e-02 1.256474759200310043e-01
8.900000000000000000e+01 7.477360873984187709e-03 3.178873322899941622e-03 4.136351791366532638e-02 1.049885857414818435e-01
9.000000000000000000e+01 7.815002675189305220e-03 3.208831770693591507e-03 5.223670660144349998e-02 1.330849759200309901e-01
9.100000000000000000e+01 7.381718071521844657e-03 3.094487888884724872e-03 4.127429669862703321e-02 9.963552268338017603e-02
9.200000000000000000e+01 7.801363958943996653e-03 3.280321122285593648e-03 4.646474456780569362e-02 1.440510857414818435e-01
9.300000000000000000e+01 7.187652338678926153e-03 3.106518014700134292e-03 4.175972468454047792e-02 1.015849759200309621e-01
9.400000000000000000e+01 8.571955867880887842e-03 3.370253878212462525e-03 6.181120079501156717e-02 1.473948357414818222e-01
9.500000000000000000e+01 7.740649656763619671e-03 3.145124344339026486e-03 5.455660276403634379e-02 1.042412259200309887e-01
9.600000000000000000e+01 8.749023188257558717e-03 3.254260036592449695e-03 6.224870079501154674e-02 9.000520177830034774e-02
9.700000000000000000e+01 6.658012668295542648e-03 2.987314481984222961e-03 3.753428480071463458e-02 1.073349759200309950e-01
9.800000000000000000e+01 6.880260604089940418e-03 2.968315993585048020e-03 4.726048945576233340e-02 1.000105226833801764e-01
9.900000000000000000e+01 6.629120943275623040e-03 2.985447160530734553e-03 4.837890883644946349e-02 1.178193509200309852e-01
