J1 0 1 0 0 -0.002382
J1 0 1 0 1 -0.137762
J1 0 1 0 2 -0.004386
J1 0 1 0 3 -0.002075
J1 0 1 0 4 -0.051767
J1 0 1 0 5 -0.002375
J1 0 1 0 6 -0.011108
J1 0 1 0 7 -0.003238
J1 0 1 0 8 -0.001876
J1 0 1 0 9 -0.004080
J1 0 1 0 10 -0.002511
J1 0 1 0 11 -0.004989
J1 0 1 0 12 -0.005219
J1 0 1 0 13 -0.002408
J1 0 1 0 14 -0.003881
J1 0 1 0 15 -0.002152
J1 0 1 0 16 -0.001702
J1 0 1 0 17 -0.003953
J1 0 1 0 18 -0.002057
J1 0 1 0 19 -0.002088
J1 0 1 0 20 -0.006342
J1 0 1 1 0 -0.137762
J1 0 1 1 1 1.753935
J1 0 1 1 2 -0.145035
J1 0 1 1 3 -0.140407
J1 0 1 1 4 2.950965
J1 0 1 1 5 -0.140637
J1 0 1 1 6 -0.150596
J1 0 1 1 7 -0.131128
J1 0 1 1 8 -0.131295
J1 0 1 1 9 -0.137150
J1 0 1 1 10 -0.144204
J1 0 1 1 11 -0.143820
J1 0 1 1 12 -0.149965
J1 0 1 1 13 -0.144675
J1 0 1 1 14 -0.145327
J1 0 1 1 15 -0.139291
J1 0 1 1 16 -0.135424
J1 0 1 1 17 -0.173370
J1 0 1 1 18 -0.153399
J1 0 1 1 19 -0.138699
J1 0 1 1 20 -0.137548
J1 0 1 2 0 -0.004386
J1 0 1 2 1 -0.145035
J1 0 1 2 2 -0.001750
J1 0 1 2 3 -0.005615
J1 0 1 2 4 -0.055066
J1 0 1 2 5 -0.002183
J1 0 1 2 6 -0.003561
J1 0 1 2 7 -0.002148
J1 0 1 2 8 -0.002674
J1 0 1 2 9 -0.004489
J1 0 1 2 10 -0.004765
J1 0 1 2 11 -0.001243
J1 0 1 2 12 -0.006101
J1 0 1 2 13 -0.007020
J1 0 1 2 14 -0.002911
J1 0 1 2 15 -0.001977
J1 0 1 2 16 -0.002816
J1 0 1 2 17 -0.001728
J1 0 1 2 18 -0.001036
J1 0 1 2 19 -0.002682
J1 0 1 2 20 -0.003240
J1 0 1 3 0 -0.002075
J1 0 1 3 1 -0.140407
J1 0 1 3 2 -0.005615
J1 0 1 3 3 -0.002505
J1 0 1 3 4 -0.044050
J1 0 1 3 5 -0.005286
J1 0 1 3 6 -0.003897
J1 0 1 3 7 -0.003972
J1 0 1 3 8 -0.005017
J1 0 1 3 9 -0.004646
J1 0 1 3 10 -0.005374
J1 0 1 3 11 -0.005229
J1 0 1 3 12 -0.003872
J1 0 1 3 13 -0.007030
J1 0 1 3 14 -0.004208
J1 0 1 3 15 -0.002410
J1 0 1 3 16 -0.003050
J1 0 1 3 17 -0.002888
J1 0 1 3 18 -0.002632
J1 0 1 3 19 -0.002741
J1 0 1 3 20 -0.007214
J1 0 1 4 0 -0.051767
J1 0 1 4 1 2.950965
J1 0 1 4 2 -0.055066
J1 0 1 4 3 -0.044050
J1 0 1 4 4 -0.374187
J1 0 1 4 5 -0.042812
J1 0 1 4 6 -0.044887
J1 0 1 4 7 -0.049489
J1 0 1 4 8 -0.048533
J1 0 1 4 9 -0.041235
J1 0 1 4 10 -0.047985
J1 0 1 4 11 -0.043949
J1 0 1 4 12 -0.049496
J1 0 1 4 13 -0.048394
J1 0 1 4 14 -0.056476
J1 0 1 4 15 -0.043663
J1 0 1 4 16 -0.047601
J1 0 1 4 17 -0.052293
J1 0 1 4 18 -0.045887
J1 0 1 4 19 -0.050881
J1 0 1 4 20 -0.049341
J1 0 1 5 0 -0.002375
J1 0 1 5 1 -0.140637
J1 0 1 5 2 -0.002183
J1 0 1 5 3 -0.005286
J1 0 1 5 4 -0.042812
J1 0 1 5 5 -0.002322
J1 0 1 5 6 -0.003569
J1 0 1 5 7 -0.004005
J1 0 1 5 8 -0.002311
J1 0 1 5 9 -0.000529
J1 0 1 5 10 -0.003171
J1 0 1 5 11 -0.005057
J1 0 1 5 12 -0.005614
J1 0 1 5 13 -0.002712
J1 0 1 5 14 -0.003362
J1 0 1 5 15 -0.001509
J1 0 1 5 16 -0.002384
J1 0 1 5 17 -0.001491
J1 0 1 5 18 -0.000756
J1 0 1 5 19 -0.005210
J1 0 1 5 20 -0.004734
J1 0 1 6 0 -0.011108
J1 0 1 6 1 -0.150596
J1 0 1 6 2 -0.003561
J1 0 1 6 3 -0.003897
J1 0 1 6 4 -0.044887
J1 0 1 6 5 -0.003569
J1 0 1 6 6 -0.002188
J1 0 1 6 7 -0.005534
J1 0 1 6 8 -0.002900
J1 0 1 6 9 -0.004674
J1 0 1 6 10 -0.002162
J1 0 1 6 11 -0.004045
J1 0 1 6 12 -0.004719
J1 0 1 6 13 -0.003990
J1 0 1 6 14 -0.003463
J1 0 1 6 15 -0.002975
J1 0 1 6 16 -0.005785
J1 0 1 6 17 -0.004204
J1 0 1 6 18 -0.004379
J1 0 1 6 19 -0.004983
J1 0 1 6 20 -0.002722
J1 0 1 7 0 -0.003238
J1 0 1 7 1 -0.131128
J1 0 1 7 2 -0.002148
J1 0 1 7 3 -0.003972
J1 0 1 7 4 -0.049489
J1 0 1 7 5 -0.004005
J1 0 1 7 6 -0.005534
J1 0 1 7 7 -0.001381
J1 0 1 7 8 -0.003930
J1 0 1 7 9 -0.003901
J1 0 1 7 10 -0.002773
J1 0 1 7 11 -0.003946
J1 0 1 7 12 -0.005255
J1 0 1 7 13 -0.005013
J1 0 1 7 14 -0.005500
J1 0 1 7 15 -0.006681
J1 0 1 7 16 -0.003475
J1 0 1 7 17 -0.004471
J1 0 1 7 18 -0.002611
J1 0 1 7 19 -0.003946
J1 0 1 7 20 -0.003590
J1 0 1 8 0 -0.001876
J1 0 1 8 1 -0.131295
J1 0 1 8 2 -0.002674
J1 0 1 8 3 -0.005017
J1 0 1 8 4 -0.048533
J1 0 1 8 5 -0.002311
J1 0 1 8 6 -0.002900
J1 0 1 8 7 -0.003930
J1 0 1 8 8 -0.002298
J1 0 1 8 9 -0.001605
J1 0 1 8 10 -0.004360
J1 0 1 8 11 -0.002917
J1 0 1 8 12 -0.005317
J1 0 1 8 13 -0.003121
J1 0 1 8 14 -0.010216
J1 0 1 8 15 -0.003519
J1 0 1 8 16 -0.000855
J1 0 1 8 17 -0.001319
J1 0 1 8 18 -0.001983
J1 0 1 8 19 -0.004727
J1 0 1 8 20 -0.003076
J1 0 1 9 0 -0.004080
J1 0 1 9 1 -0.137150
J1 0 1 9 2 -0.004489
J1 0 1 9 3 -0.004646
J1 0 1 9 4 -0.041235
J1 0 1 9 5 -0.000529
J1 0 1 9 6 -0.004674
J1 0 1 9 7 -0.003901
J1 0 1 9 8 -0.001605
J1 0 1 9 9 -0.003909
J1 0 1 9 10 -0.001789
J1 0 1 9 11 -0.005574
J1 0 1 9 12 -0.004066
J1 0 1 9 13 -0.002308
J1 0 1 9 14 -0.004555
J1 0 1 9 15 -0.003641
J1 0 1 9 16 -0.003956
J1 0 1 9 17 -0.007092
J1 0 1 9 18 -0.002286
J1 0 1 9 19 -0.001921
J1 0 1 9 20 -0.003370
J1 0 1 10 0 -0.002511
J1 0 1 10 1 -0.144204
J1 0 1 10 2 -0.004765
J1 0 1 10 3 -0.005374
J1 0 1 10 4 -0.047985
J1 0 1 10 5 -0.003171
J1 0 1 10 6 -0.002162
J1 0 1 10 7 -0.002773
J1 0 1 10 8 -0.004360
J1 0 1 10 9 -0.001789
J1 0 1 10 10 -0.002170
J1 0 1 10 11 -0.004450
J1 0 1 10 12 -0.006319
J1 0 1 10 13 -0.005735
J1 0 1 10 14 -0.001706
J1 0 1 10 15 -0.001133
J1 0 1 10 16 -0.003444
J1 0 1 10 17 -0.004542
J1 0 1 10 18 -0.003033
J1 0 1 10 19 -0.003407
J1 0 1 10 20 -0.005037
J1 0 1 11 0 -0.004989
J1 0 1 11 1 -0.143820
J1 0 1 11 2 -0.001243
J1 0 1 11 3 -0.005229
J1 0 1 11 4 -0.043949
J1 0 1 11 5 -0.005057
J1 0 1 11 6 -0.004045
J1 0 1 11 7 -0.003946
J1 0 1 11 8 -0.002917
J1 0 1 11 9 -0.005574
J1 0 1 11 10 -0.004450
J1 0 1 11 11 -0.002119
J1 0 1 11 12 -0.004943
J1 0 1 11 13 -0.008056
J1 0 1 11 14 -0.004091
J1 0 1 11 15 -0.006445
J1 0 1 11 16 -0.003852
J1 0 1 11 17 -0.003248
J1 0 1 11 18 -0.001564
J1 0 1 11 19 -0.005129
J1 0 1 11 20 -0.005700
J1 0 1 12 0 -0.005219
J1 0 1 12 1 -0.149965
J1 0 1 12 2 -0.006101
J1 0 1 12 3 -0.003872
J1 0 1 12 4 -0.049496
J1 0 1 12 5 -0.005614
J1 0 1 12 6 -0.004719
J1 0 1 12 7 -0.005255
J1 0 1 12 8 -0.005317
J1 0 1 12 9 -0.004066
J1 0 1 12 10 -0.006319
J1 0 1 12 11 -0.004943
J1 0 1 12 12 -0.000861
J1 0 1 12 13 -0.004615
J1 0 1 12 14 -0.008088
J1 0 1 12 15 -0.003786
J1 0 1 12 16 -0.002576
J1 0 1 12 17 -0.004371
J1 0 1 12 18 -0.004082
J1 0 1 12 19 -0.003916
J1 0 1 12 20 -0.002191
J1 0 1 13 0 -0.002408
J1 0 1 13 1 -0.144675
J1 0 1 13 2 -0.007020
J1 0 1 13 3 -0.007030
J1 0 1 13 4 -0.048394
J1 0 1 13 5 -0.002712
J1 0 1 13 6 -0.003990
J1 0 1 13 7 -0.005013
J1 0 1 13 8 -0.003121
J1 0 1 13 9 -0.002308
J1 0 1 13 10 -0.005735
J1 0 1 13 11 -0.008056
J1 0 1 13 12 -0.004615
J1 0 1 13 13 -0.000696
J1 0 1 13 14 -0.006872
J1 0 1 13 15 -0.001533
J1 0 1 13 16 -0.003989
J1 0 1 13 17 -0.004332
J1 0 1 13 18 -0.001895
J1 0 1 13 19 -0.004225
J1 0 1 13 20 -0.002329
J1 0 1 14 0 -0.003881
J1 0 1 14 1 -0.145327
J1 0 1 14 2 -0.002911
J1 0 1 14 3 -0.004208
J1 0 1 14 4 -0.056476
J1 0 1 14 5 -0.003362
J1 0 1 14 6 -0.003463
J1 0 1 14 7 -0.005500
J1 0 1 14 8 -0.010216
J1 0 1 14 9 -0.004555
J1 0 1 14 10 -0.001706
J1 0 1 14 11 -0.004091
J1 0 1 14 12 -0.008088
J1 0 1 14 13 -0.006872
J1 0 1 14 14 -0.002830
J1 0 1 14 15 -0.002068
J1 0 1 14 16 -0.002697
J1 0 1 14 17 -0.004635
J1 0 1 14 18 -0.004420
J1 0 1 14 19 -0.006778
J1 0 1 14 20 -0.004340
J1 0 1 15 0 -0.002152
J1 0 1 15 1 -0.139291
J1 0 1 15 2 -0.001977
J1 0 1 15 3 -0.002410
J1 0 1 15 4 -0.043663
J1 0 1 15 5 -0.001509
J1 0 1 15 6 -0.002975
J1 0 1 15 7 -0.006681
J1 0 1 15 8 -0.003519
J1 0 1 15 9 -0.003641
J1 0 1 15 10 -0.001133
J1 0 1 15 11 -0.006445
J1 0 1 15 12 -0.003786
J1 0 1 15 13 -0.001533
J1 0 1 15 14 -0.002068
J1 0 1 15 15 0.000000
J1 0 1 15 16 -0.001726
J1 0 1 15 17 -0.004563
J1 0 1 15 18 -0.002220
J1 0 1 15 19 -0.003027
J1 0 1 15 20 -0.004598
J1 0 1 16 0 -0.001702
J1 0 1 16 1 -0.135424
J1 0 1 16 2 -0.002816
J1 0 1 16 3 -0.003050
J1 0 1 16 4 -0.047601
J1 0 1 16 5 -0.002384
J1 0 1 16 6 -0.005785
J1 0 1 16 7 -0.003475
J1 0 1 16 8 -0.000855
J1 0 1 16 9 -0.003956
J1 0 1 16 10 -0.003444
J1 0 1 16 11 -0.003852
J1 0 1 16 12 -0.002576
J1 0 1 16 13 -0.003989
J1 0 1 16 14 -0.002697
J1 0 1 16 15 -0.001726
J1 0 1 16 16 -0.002624
J1 0 1 16 17 -0.007728
J1 0 1 16 18 -0.003295
J1 0 1 16 19 -0.003713
J1 0 1 16 20 -0.006679
J1 0 1 17 0 -0.003953
J1 0 1 17 1 -0.173370
J1 0 1 17 2 -0.001728
J1 0 1 17 3 -0.002888
J1 0 1 17 4 -0.052293
J1 0 1 17 5 -0.001491
J1 0 1 17 6 -0.004204
J1 0 1 17 7 -0.004471
J1 0 1 17 8 -0.001319
J1 0 1 17 9 -0.007092
J1 0 1 17 10 -0.004542
J1 0 1 17 11 -0.003248
J1 0 1 17 12 -0.004371
J1 0 1 17 13 -0.004332
J1 0 1 17 14 -0.004635
J1 0 1 17 15 -0.004563
J1 0 1 17 16 -0.007728
J1 0 1 17 17 -0.002247
J1 0 1 17 18 -0.004799
J1 0 1 17 19 -0.005134
J1 0 1 17 20 -0.001556
J1 0 1 18 0 -0.002057
J1 0 1 18 1 -0.153399
J1 0 1 18 2 -0.001036
J1 0 1 18 3 -0.002632
J1 0 1 18 4 -0.045887
J1 0 1 18 5 -0.000756
J1 0 1 18 6 -0.004379
J1 0 1 18 7 -0.002611
J1 0 1 18 8 -0.001983
J1 0 1 18 9 -0.002286
J1 0 1 18 10 -0.003033
J1 0 1 18 11 -0.001564
J1 0 1 18 12 -0.004082
J1 0 1 18 13 -0.001895
J1 0 1 18 14 -0.004420
J1 0 1 18 15 -0.002220
J1 0 1 18 16 -0.003295
J1 0 1 18 17 -0.004799
J1 0 1 18 18 -0.002349
J1 0 1 18 19 -0.003479
J1 0 1 18 20 -0.003816
J1 0 1 19 0 -0.002088
J1 0 1 19 1 -0.138699
J1 0 1 19 2 -0.002682
J1 0 1 19 3 -0.002741
J1 0 1 19 4 -0.050881
J1 0 1 19 5 -0.005210
J1 0 1 19 6 -0.004983
J1 0 1 19 7 -0.003946
J1 0 1 19 8 -0.004727
J1 0 1 19 9 -0.001921
J1 0 1 19 10 -0.003407
J1 0 1 19 11 -0.005129
J1 0 1 19 12 -0.003916
J1 0 1 19 13 -0.004225
J1 0 1 19 14 -0.006778
J1 0 1 19 15 -0.003027
J1 0 1 19 16 -0.003713
J1 0 1 19 17 -0.005134
J1 0 1 19 18 -0.003479
J1 0 1 19 19 -0.000639
J1 0 1 19 20 -0.006289
J1 0 1 20 0 -0.006342
J1 0 1 20 1 -0.137548
J1 0 1 20 2 -0.003240
J1 0 1 20 3 -0.007214
J1 0 1 20 4 -0.049341
J1 0 1 20 5 -0.004734
J1 0 1 20 6 -0.002722
J1 0 1 20 7 -0.003590
J1 0 1 20 8 -0.003076
J1 0 1 20 9 -0.003370
J1 0 1 20 10 -0.005037
J1 0 1 20 11 -0.005700
J1 0 1 20 12 -0.002191
J1 0 1 20 13 -0.002329
J1 0 1 20 14 -0.004340
J1 0 1 20 15 -0.004598
J1 0 1 20 16 -0.006679
J1 0 1 20 17 -0.001556
J1 0 1 20 18 -0.003816
J1 0 1 20 19 -0.006289
J1 0 1 20 20 0.000000
h1 0 0 -0.239657
h1 0 1 2.920784
h1 0 2 -0.232748
h1 0 3 -0.256742
h1 0 4 1.659473
h1 0 5 -0.239178
h1 0 6 -0.247779
h1 0 7 -0.232613
h1 0 8 -0.232237
h1 0 9 -0.230116
h1 0 10 -0.249370
h1 0 11 -0.242020
h1 0 12 -0.257615
h1 0 13 -0.240620
h1 0 14 -0.249912
h1 0 15 -0.227383
h1 0 16 -0.233661
h1 0 17 -0.261313
h1 0 18 -0.231126
h1 0 19 -0.242949
h1 0 20 -0.233217
h1 1 0 -0.238248
h1 1 1 2.974881
h1 1 2 -0.248600
h1 1 3 -0.227054
h1 1 4 1.599050
h1 1 5 -0.222346
h1 1 6 -0.247925
h1 1 7 -0.241929
h1 1 8 -0.231086
h1 1 9 -0.237745
h1 1 10 -0.230043
h1 1 11 -0.247637
h1 1 12 -0.245793
h1 1 13 -0.248200
h1 1 14 -0.258514
h1 1 15 -0.228706
h1 1 16 -0.235509
h1 1 17 -0.258072
h1 1 18 -0.240376
h1 1 19 -0.238480
h1 1 20 -0.247668
