ARMA_MAT_TXT_FN008
1000 1
   4.4134543871949418e+01
   4.4023497110143978e+01
   4.4893208223859908e+01
   4.4663456583602759e+01
   4.4451898743595464e+01
   6.1878506760361681e+01
   4.3051408483521094e+01
   4.3917475766944975e+01
   4.9565813830141110e+01
   6.0718211710288159e+01
   4.2418032373744033e+01
   3.9094911895525655e+01
   4.0565197110055443e+01
   4.0436505516857530e+01
   4.3091585259599029e+01
   3.6693869652311861e+01
   4.8779881689866947e+01
   4.3809624683194066e+01
   5.9140366285123321e+01
   6.8062454241909435e+01
   5.5999430845939948e+01
   5.7831706012967487e+01
   5.7422339063011002e+01
   5.8587984980523551e+01
   5.6286834062883656e+01
   5.4512010234251541e+01
   5.2917907626535865e+01
   5.0961834973191515e+01
   4.9557799516410256e+01
   4.8031248752869132e+01
   4.6483786642719920e+01
   4.5347723867680749e+01
   4.4520923138255952e+01
   4.3569424975332034e+01
   4.2887826575814991e+01
   4.2383733487065321e+01
   4.1733172574536482e+01
   4.0968694790563319e+01
   3.8424200134868521e+01
   3.0806729650391976e+01
   1.7946427628398398e+00
  -2.0990707639351005e+01
  -4.8394340348059224e+01
  -6.1224474362570781e+01
  -7.4092826115983740e+01
  -1.1627172910324306e+02
  -9.3792378001738030e+01
  -9.2889126347332407e+01
  -9.1914147286152286e+01
  -1.2439553188954486e+02
  -1.6703955956015838e+02
  -1.3003824265845384e+02
  -1.2205030951233176e+02
  -1.3689783834794073e+02
  -1.1053420977800916e+02
  -1.4087205865964012e+02
  -1.4591594734186634e+02
  -1.4235545672635848e+02
  -1.7543358893063896e+02
  -1.3492572212246370e+02
  -1.4665101462995358e+02
  -1.4752367588733367e+02
  -1.5064322901034396e+02
  -1.4362224497972201e+02
  -1.4154943813170942e+02
  -1.4468655761923469e+02
  -1.4728248045426062e+02
  -1.5064483370186105e+02
  -1.5113484880547060e+02
  -1.5426562835301894e+02
  -1.5474433123057688e+02
  -1.5803167071992428e+02
  -1.6154918730029283e+02
  -1.6700786916030998e+02
  -1.7171306160391532e+02
  -1.7544640824170403e+02
  -1.8012711800535914e+02
  -1.8345293996030762e+02
  -1.9137092417423014e+02
  -1.9491186325212823e+02
  -1.9489727728414815e+02
  -1.9903579383291876e+02
  -1.9999368558667979e+02
  -2.0173656826628994e+02
  -2.0396191611668530e+02
  -2.0621606385861338e+02
  -2.1030573151782275e+02
  -2.1362728405314763e+02
  -2.2082859938619620e+02
  -2.2898335955981472e+02
  -2.4198760525503641e+02
  -2.6719549838587943e+02
  -2.3239568302042966e+02
  -2.2680989018159627e+02
  -2.2574914249729295e+02
  -2.2289388308106851e+02
  -2.2169203790740286e+02
  -2.2109725940509637e+02
  -2.2129525320849760e+02
  -2.2196098158428507e+02
  -2.2599635839322090e+02
  -2.2728867780552258e+02
  -2.3102911053951260e+02
  -2.3527554553057627e+02
  -2.4302834398224797e+02
  -2.4788198488923669e+02
  -2.5109437319374663e+02
  -2.5216714974925651e+02
  -2.5486128714308970e+02
  -2.5750490633721580e+02
  -2.5961745009732965e+02
  -2.6197975813316140e+02
  -2.6361745547198308e+02
  -2.6703029824861665e+02
  -2.7106404025860746e+02
  -2.7810235492277826e+02
  -2.8720313572116152e+02
  -2.8145418869822282e+02
  -2.8116742625595992e+02
  -2.8398438176351863e+02
  -2.8358729003051326e+02
  -2.8384964932271191e+02
  -2.8585125186274405e+02
  -2.8775655250019423e+02
  -2.9097742958750160e+02
  -2.9426291179581773e+02
  -2.9845704837178846e+02
  -3.0944709645998955e+02
  -3.0064118512683712e+02
  -3.0237438039155523e+02
  -3.0485656275784129e+02
  -3.0109496633911181e+02
  -3.0196782002869975e+02
  -3.0372354985646155e+02
  -3.0670580718638854e+02
  -3.1016865904019170e+02
  -3.1458318813378099e+02
  -3.1972028595434955e+02
  -3.2834629725811720e+02
  -3.2493834423403575e+02
  -3.2807058172860218e+02
  -3.2530240894219907e+02
  -3.3147747934766801e+02
  -3.2805268068326518e+02
  -3.2951713279065780e+02
  -3.2990120145360817e+02
  -3.3380161787230281e+02
  -3.3346689820869875e+02
  -3.3554694070848933e+02
  -3.3748895922202979e+02
  -3.3989289468859846e+02
  -3.4551946897111554e+02
  -3.4896716685282775e+02
  -3.5490863975251489e+02
  -3.6823936280177116e+02
  -3.5764081832087010e+02
  -3.5912127811574129e+02
  -3.6039855205643619e+02
  -3.6060055588734605e+02
  -3.6493302578920191e+02
  -3.6496724174933780e+02
  -3.6459254997732774e+02
  -3.6591442661237028e+02
  -3.6742226563409429e+02
  -3.6943240623695078e+02
  -3.7361772276539773e+02
  -3.7489396576529106e+02
  -3.8168383782112500e+02
  -3.8486641172398970e+02
  -3.8859770659753150e+02
  -3.8809687780998081e+02
  -3.9266936594601515e+02
  -3.9506791029583536e+02
  -3.9601914427672170e+02
  -3.9810255276386096e+02
  -4.0531602462553190e+02
  -4.0836913616418104e+02
  -4.1712675136210316e+02
  -4.2055686162462825e+02
  -4.3335621964021271e+02
  -4.2338165719199225e+02
  -4.2898637843146662e+02
  -4.3316538174322318e+02
  -4.2946439811679312e+02
  -4.3141361504365238e+02
  -4.3230562474810182e+02
  -4.3537603034325917e+02
  -4.3947960799973112e+02
  -4.3902878007670648e+02
  -4.4180058290578529e+02
  -4.4267322897411560e+02
  -4.4563953834316686e+02
  -4.4715109866632497e+02
  -4.4937764238985380e+02
  -4.5226436979331743e+02
  -4.5718090943619643e+02
  -4.6181150904814007e+02
  -4.6506273086276263e+02
  -4.7803602974431800e+02
  -4.7150360296059847e+02
  -4.7158856305682389e+02
  -4.7309188688148913e+02
  -4.7594512525814537e+02
  -4.7765946358087189e+02
  -4.8696720892592123e+02
  -4.8246276158383324e+02
  -4.8919563290059915e+02
  -4.9286930987079671e+02
  -4.9830725837041660e+02
  -4.9262775063804389e+02
  -5.0315803617234434e+02
  -4.8630160401104888e+02
  -5.0577835417665921e+02
  -4.8952858785822070e+02
  -5.1212126956538805e+02
  -5.1583552900435529e+02
  -5.2260524691288879e+02
  -5.2025772540568164e+02
  -5.2164650586354651e+02
  -5.2370810429747257e+02
  -5.2576166160460264e+02
  -5.2971193358784956e+02
  -5.1810561932055634e+02
  -5.2654424772101243e+02
  -5.3484380342911402e+02
  -5.2906250600932640e+02
  -5.4266621123575521e+02
  -5.4281436645729366e+02
  -5.5488285009437413e+02
  -5.4715683831017009e+02
  -5.3757939597924724e+02
  -5.4490905092953813e+02
  -5.4285834738901701e+02
  -5.3277961443034519e+02
  -5.4553380126700586e+02
  -5.4251123335233990e+02
  -5.6067626607336513e+02
  -5.6018340947875140e+02
  -5.7285359793505609e+02
  -5.4855856827323396e+02
  -5.6549609083186601e+02
  -5.6645753615848434e+02
  -5.7752873477908929e+02
  -5.6967052388690433e+02
  -5.6879438919314418e+02
  -5.7091815874249130e+02
  -5.7806757900007540e+02
  -5.7939899110721103e+02
  -5.6721494090362603e+02
  -5.8080306049325429e+02
  -5.7407288632672817e+02
  -5.9055543740700932e+02
  -5.7704514961377299e+02
  -5.9645442501212563e+02
  -5.8739202465335347e+02
  -5.8770621501219830e+02
  -5.8562834187849251e+02
  -6.0069981930179483e+02
  -5.9698948064973945e+02
  -5.9927701173496826e+02
  -6.0980478709335296e+02
  -6.1183070476610601e+02
  -6.1112147679367513e+02
  -6.0994706824356911e+02
  -6.1762296749045265e+02
  -6.2659271452573898e+02
  -6.2246885733348893e+02
  -6.1800279776432035e+02
  -6.2838800418430685e+02
  -6.3374115308215437e+02
  -6.3687190284077496e+02
  -6.3521037162967070e+02
  -6.4360327789081509e+02
  -6.3644168672002354e+02
  -6.4097710045033693e+02
  -6.5104712831258519e+02
  -6.5131198050949922e+02
  -6.5276219845237620e+02
  -6.5636378182000908e+02
  -6.6972856797031443e+02
  -6.7566908335199412e+02
                     -inf
  -6.6791257239283220e+02
  -6.7378693153537063e+02
                     -inf
                     -inf
                     -inf
                     -inf
                     -inf
  -6.6818447964733571e+02
  -6.6819401987207789e+02
  -6.7191726663256168e+02
  -6.7140910229356894e+02
  -6.6070592952343020e+02
  -6.7069882114176551e+02
  -6.6723225657757030e+02
  -6.6913164708164800e+02
  -6.7248625069341551e+02
  -6.6956168036306246e+02
  -6.8335532666322570e+02
  -6.7085878598883585e+02
  -6.5478826861719494e+02
                     -inf
                     -inf
                     -inf
                     -inf
  -6.6791110131403593e+02
  -6.6507232282623613e+02
  -6.6300652701934541e+02
  -6.6266486338262735e+02
  -6.6002374959281894e+02
  -6.5763773604799098e+02
  -6.5916194664851889e+02
  -6.5693191817755007e+02
  -6.6009777015695386e+02
  -6.6468610334252412e+02
  -6.6441096043045627e+02
                     -inf
                     -inf
                     -inf
                     -inf
                     -inf
  -6.6645847364917972e+02
  -6.6861401968375208e+02
  -6.5042695773825687e+02
                     -inf
  -6.6328746707423693e+02
  -6.7051483351963509e+02
  -6.7094011494390634e+02
  -6.6309858617117004e+02
  -6.6159060836473066e+02
  -6.5624701749065810e+02
  -6.5588874064010065e+02
  -6.5249137589629004e+02
  -6.4631027959980770e+02
  -6.4496238113302991e+02
  -6.4098453231608528e+02
  -6.3908712518659456e+02
  -6.3161766432916204e+02
  -6.2763886806755932e+02
  -6.2358817787048542e+02
  -6.2145259223900712e+02
  -6.1627485951680796e+02
  -6.1146132795377264e+02
  -6.0384907367554706e+02
  -5.9234423923110705e+02
  -5.7867246513331713e+02
  -5.7439376284881575e+02
  -5.6492571664997695e+02
  -5.5057345652948914e+02
  -5.4792012220352512e+02
  -5.3721240863065179e+02
  -5.2303265195549045e+02
  -5.0757336354658167e+02
  -4.9612621080910935e+02
  -4.8888477586273609e+02
  -4.8432512860709170e+02
  -4.7673487383502408e+02
  -4.7054053461193899e+02
  -4.6548363725198868e+02
  -4.6155177122235375e+02
  -4.4717203844939644e+02
  -4.4965047606037359e+02
  -4.4534017660551700e+02
  -4.4324641801836685e+02
  -4.4375359219980487e+02
  -4.4662010231487034e+02
  -4.4312458406531056e+02
  -4.4907379564193968e+02
  -4.4859915948875710e+02
  -4.4749551404412335e+02
  -4.5300609507622687e+02
  -4.5259865920445662e+02
  -4.5624833262706755e+02
  -4.5229860968257856e+02
  -4.5436821227299703e+02
  -4.5574232034479786e+02
  -4.6011530694956355e+02
  -4.5803688524081571e+02
  -4.6151878875193813e+02
  -4.5674873427043389e+02
  -4.6044950915378547e+02
  -4.6631861761777287e+02
  -4.6569442497125129e+02
  -4.7154638849342263e+02
  -4.7406287340217017e+02
  -4.7349018563975056e+02
  -4.6754667160111023e+02
  -4.7687525923498612e+02
  -4.7341013650426714e+02
  -4.7290993223003892e+02
  -4.7524227398593348e+02
  -4.7440045614634926e+02
  -4.7878067079645064e+02
  -4.7678697483015338e+02
  -4.7920526425528232e+02
  -4.8353464470747519e+02
  -4.8846026868552258e+02
  -4.8760606386780995e+02
  -4.8802406144583568e+02
  -4.9220928494101452e+02
  -4.9234855549869906e+02
  -4.9834636876859150e+02
  -4.9761238097603302e+02
  -5.0064426883085508e+02
  -5.0495795263110983e+02
  -5.1300062679150915e+02
  -5.1332969715639433e+02
  -5.1960389274657246e+02
  -5.2305912643978638e+02
  -5.1665769142339684e+02
  -5.2302120540504893e+02
  -5.1952495605621050e+02
  -5.1784401097356988e+02
  -5.2213723724668898e+02
  -5.2536041806196943e+02
  -5.2636485188784604e+02
  -5.3173124628291851e+02
  -5.3457960613453088e+02
  -5.3661949296163129e+02
  -5.3482922812013192e+02
  -5.3364121706961237e+02
  -5.3910707195355224e+02
  -5.3986380481596120e+02
  -5.4048569923853859e+02
  -5.4612661129616436e+02
  -5.4811708409627784e+02
  -5.4655674826077427e+02
  -5.4803706351528535e+02
  -5.4858773897250057e+02
  -5.5321978180601536e+02
  -5.5471503777788269e+02
  -5.5818428084594098e+02
  -5.5874469277228923e+02
  -5.6284373998248896e+02
  -5.6098514594710934e+02
  -5.6403181610743820e+02
  -5.6360613390593858e+02
  -5.6896582805197988e+02
  -5.6778293896570108e+02
  -5.7303937208067657e+02
  -5.7558761238548243e+02
  -5.7800279111808391e+02
  -5.7921842817883896e+02
  -5.8050499910851897e+02
  -5.8231590557367338e+02
  -5.8432186159713490e+02
  -5.9098086162767504e+02
  -6.0011456047983359e+02
  -5.9670186902764215e+02
  -5.9982883922582880e+02
  -5.9854056357832428e+02
  -6.0564319665365781e+02
  -6.0458280036135761e+02
  -6.0447852878061553e+02
  -6.1224416943169501e+02
  -6.1617532344357573e+02
  -6.1132810403290000e+02
  -6.1369085523990725e+02
  -6.1375308436046805e+02
  -6.1666405237890535e+02
  -6.1814945424884127e+02
  -6.2102616372923069e+02
  -6.2425573081412574e+02
  -6.3058738897574165e+02
  -6.3375159552755429e+02
  -6.4127054472597899e+02
  -6.3484239940604095e+02
  -6.4036414277876349e+02
  -6.3481752554573836e+02
  -6.3839767193120463e+02
  -6.3314045987739155e+02
  -6.3396211123769456e+02
  -6.3767398590210269e+02
  -6.3456040895984916e+02
  -6.3938341043672403e+02
  -6.4189148940256780e+02
  -6.3889829677516207e+02
  -6.4453526989391935e+02
  -6.4725653227462112e+02
  -6.4785040371728803e+02
  -6.5838453417996050e+02
  -6.4048907410217237e+02
                     -inf
  -6.5617797223383081e+02
  -6.6687750775112352e+02
  -6.5775639701138084e+02
  -6.5686884500354574e+02
  -6.5295916818042326e+02
  -6.4862378846746981e+02
  -6.3977921768049669e+02
  -6.3733836321308593e+02
  -6.3884364941239892e+02
  -6.3205015488476363e+02
  -6.2865098340040072e+02
  -6.3120633802730549e+02
  -6.2368491360618395e+02
  -6.2050699443305257e+02
  -6.2087086949064428e+02
  -6.2206254068226565e+02
  -6.1890233864417849e+02
  -6.2257709123982613e+02
  -6.2459662904182335e+02
  -6.2749673062630700e+02
  -6.2516627293016336e+02
  -6.3053256045087994e+02
  -6.2879015058192022e+02
  -6.3029660845951400e+02
  -6.3128057216749573e+02
  -6.3110242522012732e+02
  -6.3306633246793808e+02
  -6.3370599993804490e+02
  -6.3684494549341048e+02
  -6.3858447209866597e+02
  -6.3872328059927781e+02
  -6.4389286717147456e+02
  -6.4554420204245048e+02
  -6.4563102625067802e+02
  -6.4827218795623173e+02
  -6.4993954230470615e+02
  -6.5204819600386872e+02
  -6.5410659168000416e+02
  -6.5990889371838318e+02
  -6.6685795789480005e+02
  -6.5800071430874902e+02
  -6.6298673417300586e+02
  -6.5978407719159361e+02
  -6.6877467516244860e+02
  -6.6130960303559596e+02
  -6.6305404970856250e+02
  -6.6284716164024985e+02
  -6.6680841772996905e+02
  -6.6102529317321955e+02
  -6.6776730527853431e+02
  -6.6257587151226437e+02
                     -inf
                     -inf
                     -inf
                     -inf
  -6.5343612636874786e+02
                     -inf
  -6.5628413691825472e+02
                     -inf
  -6.6719243639589263e+02
  -6.6588311633969124e+02
  -6.6805393514743309e+02
  -6.6291508564537264e+02
  -6.6275354834711368e+02
  -6.6170026956166225e+02
  -6.5944193673809832e+02
  -6.5675355773244826e+02
  -6.5719352058298944e+02
  -6.5543722127264004e+02
  -6.3846893391012884e+02
  -6.5295446442806053e+02
  -6.4850002238940135e+02
  -6.4697787072077540e+02
  -6.4965856815658344e+02
  -6.5102311376203920e+02
  -6.5212289681735535e+02
  -6.5486398201406098e+02
  -6.5590425375459245e+02
  -6.6205303560176924e+02
  -6.5465559976244401e+02
  -6.5644930566940627e+02
  -6.5732680831684581e+02
  -6.5700714112491471e+02
  -6.6033232495849120e+02
  -6.6291148860207113e+02
  -6.6528127484102401e+02
  -6.6909604568665441e+02
  -6.6828425926105592e+02
  -6.6812116144891604e+02
  -6.6795203871296962e+02
  -6.6359154262033405e+02
  -6.5435205047663590e+02
                     -inf
                     -inf
                     -inf
  -6.6719517948221949e+02
  -6.6826617664227058e+02
  -6.6792018934924113e+02
  -6.6278872995799361e+02
  -6.5903928184326980e+02
  -6.5791432723861726e+02
  -6.5189433838450202e+02
  -6.5359713317363367e+02
  -6.5191329232630278e+02
  -6.4053968547435147e+02
  -6.3633881759684255e+02
  -6.3358090653773263e+02
  -6.3225834835060016e+02
  -6.3133817291546052e+02
  -6.2536208242440546e+02
  -6.2886035376192126e+02
  -6.2615567762572402e+02
  -6.2789241846756636e+02
  -6.2861577595626068e+02
  -6.2876949014197680e+02
  -6.2907823073511702e+02
  -6.3173342361957793e+02
  -6.3475103793948938e+02
  -6.3525761104746618e+02
  -6.3930391604941553e+02
  -6.3656837986292055e+02
  -6.3882846969623154e+02
  -6.3930109515786444e+02
  -6.3894925234045331e+02
  -6.3879728768596851e+02
  -6.4279862346719119e+02
  -6.4094887057190488e+02
  -6.4246948861730345e+02
  -6.4280539063095523e+02
  -6.4558729520709039e+02
  -6.4603131439688650e+02
  -6.3242105387702566e+02
  -6.5554796345556906e+02
  -6.5351157638405471e+02
  -6.4907434344330102e+02
  -6.5092242604464900e+02
  -6.4890433632095699e+02
  -6.4735669772196229e+02
  -6.4823498641735557e+02
  -6.4989705368566513e+02
  -6.5076193072473620e+02
  -6.5270607108916181e+02
  -6.5528039559419688e+02
  -6.5635109914941177e+02
  -6.5518584882076709e+02
  -6.5432065627930206e+02
  -6.5763298454480923e+02
  -6.5893896861131236e+02
  -6.5831280634482937e+02
  -6.6248475809786942e+02
  -6.6536376007997626e+02
  -6.6568250555368127e+02
  -6.6699052883636773e+02
  -6.6432609381097211e+02
  -6.6489260135840243e+02
  -6.6575531649706511e+02
  -6.6548490899054605e+02
  -6.7131392923109820e+02
  -6.5371725947805646e+02
                     -inf
                     -inf
                     -inf
                     -inf
                     -inf
  -6.5166769128075691e+02
                     -inf
  -6.6458516410733330e+02
  -6.6199184827916019e+02
  -6.5971522165095098e+02
  -6.5156224907772719e+02
  -6.5405514245947813e+02
  -6.4761202886324429e+02
  -6.4625553206852578e+02
  -6.4731544448840953e+02
  -6.4417314506262119e+02
  -6.4142197667075868e+02
  -6.4364658219350986e+02
  -6.4481424668109253e+02
  -6.4658458527260348e+02
  -6.4494677598869134e+02
  -6.4691960206359272e+02
  -6.4949019206936009e+02
  -6.4695905784500155e+02
  -6.4919088768488314e+02
  -6.5575507151011857e+02
  -6.5560348237142193e+02
  -6.5661034767853960e+02
  -6.5615587986574769e+02
  -6.5417610457694775e+02
  -6.5101701800473813e+02
  -6.5663754200842777e+02
  -6.5664850393658560e+02
  -6.5861337768229907e+02
  -6.5859088380954961e+02
  -6.6039571190182392e+02
  -6.6480136398643958e+02
                     -inf
  -6.6203580299612929e+02
  -6.6286506490814611e+02
  -6.6334172698264433e+02
  -6.6239720435335471e+02
  -6.6806958396858693e+02
                     -inf
                     -inf
  -6.6493912912863857e+02
  -6.5888682124267962e+02
  -6.6380006033438190e+02
  -6.5931832340021776e+02
  -6.6144965108274539e+02
  -6.6249959744596799e+02
  -6.6316406884859339e+02
  -6.6030087136635439e+02
  -6.5885168365197671e+02
  -6.5954995388143971e+02
  -6.6047247787079266e+02
  -6.6289985070260650e+02
  -6.5537389051429170e+02
  -6.5996869281815088e+02
  -6.6127161003566403e+02
  -6.6080125692392460e+02
  -6.6224787732770687e+02
  -6.6597443630920270e+02
  -6.6356389969726001e+02
                     -inf
                     -inf
                     -inf
  -6.7246436296188642e+02
  -6.7131654880030590e+02
  -6.6790650964036365e+02
  -6.6815709857542583e+02
  -6.6226820584255915e+02
  -6.6532568262584675e+02
  -6.6345748624676628e+02
  -6.6411609500004931e+02
  -6.6125250543773018e+02
  -6.6343412423292841e+02
  -6.6530339970342754e+02
  -6.6526997243961785e+02
  -6.6584707366533769e+02
  -6.6383515776238835e+02
  -6.5352492036421108e+02
  -6.5635576271905074e+02
                     -inf
                     -inf
                     -inf
                     -inf
                     -inf
  -6.6818644154641356e+02
  -6.7245715640248397e+02
  -6.7028301938534446e+02
  -6.7239430653029262e+02
  -6.7031908100473061e+02
  -6.6961414119719575e+02
  -6.6897000363192933e+02
  -6.6907124672295606e+02
                     -inf
                     -inf
                     -inf
                     -inf
                     -inf
                     -inf
                     -inf
  -6.5986219497327158e+02
  -6.6502312158167285e+02
                     -inf
                     -inf
  -6.6291595193679427e+02
                     -inf
                     -inf
                     -inf
                     -inf
                     -inf
                     -inf
  -6.7408688572689596e+02
  -6.7593391689868747e+02
  -6.7341690269794049e+02
  -6.7554996873469315e+02
  -6.6952956962079986e+02
                     -inf
  -6.6338829211830227e+02
                     -inf
  -6.7515658621161253e+02
  -6.7337986735240020e+02
  -6.7298426613535253e+02
                     -inf
  -6.7250925142861809e+02
  -6.6789669883895021e+02
  -6.6751964648533919e+02
  -6.6555012527550730e+02
  -6.6429375376941584e+02
  -6.6310256447416339e+02
  -6.5085694351448171e+02
  -6.6028564565761019e+02
  -6.6673840090575550e+02
  -6.6744029554412737e+02
  -6.6619837883947150e+02
  -6.6142255524465907e+02
  -6.6629482672423501e+02
  -6.6696344101294494e+02
  -6.5679771132368205e+02
  -6.6908158899871444e+02
  -6.6922156331462179e+02
  -6.5517469490816450e+02
                     -inf
                     -inf
  -6.7184821093979531e+02
  -6.6834078453504321e+02
  -6.6611707007316591e+02
  -6.4871611410234368e+02
  -6.5691351213901737e+02
  -6.5535260660524546e+02
  -6.5419389796291239e+02
  -6.5199892176366188e+02
  -6.5098883213028023e+02
  -6.4700661168001329e+02
  -6.4612454375034849e+02
  -6.4648236420703120e+02
  -6.4572268330595784e+02
  -6.4437438444323993e+02
  -6.4492872894399977e+02
  -6.4539282656931414e+02
  -6.4612178082924629e+02
  -6.4727412130477387e+02
  -6.4823099410336272e+02
  -6.4967567706956959e+02
  -6.4903855756266330e+02
  -6.4806199967975510e+02
  -6.5247327103800637e+02
  -6.2554143382344080e+02
  -6.4711312086704083e+02
  -6.3642905897749563e+02
  -6.2448718815220582e+02
  -6.4598522069657463e+02
  -6.4765120382302166e+02
  -6.4780450924581658e+02
  -6.2382188046260069e+02
  -6.4890516620718370e+02
  -6.5096258634657306e+02
  -6.5069653106916792e+02
  -6.5013550573149291e+02
  -6.3935635467601082e+02
  -6.5226544951894414e+02
  -6.5610416873165707e+02
  -6.5562616491932397e+02
  -6.5633247438378839e+02
  -6.5500598450680627e+02
  -6.5147731666721586e+02
  -6.5845310467229262e+02
  -6.5720286464275068e+02
  -6.4648481758282537e+02
  -6.5692060752630346e+02
  -6.4518367919780417e+02
  -6.6181207103744225e+02
  -6.6518625637205196e+02
  -6.6295739412529520e+02
  -6.6409955522282348e+02
  -6.6245240514125760e+02
  -6.6576516414860532e+02
  -6.6459850742194703e+02
  -6.6471427697190279e+02
  -6.6708911902723037e+02
  -6.6824058129925629e+02
  -6.5964476152395127e+02
  -6.7115643076880940e+02
                     -inf
                     -inf
                     -inf
                     -inf
                     -inf
                     -inf
                     -inf
                     -inf
                     -inf
                     -inf
                     -inf
                     -inf
                     -inf
                     -inf
                     -inf
                     -inf
                     -inf
                     -inf
                     -inf
                     -inf
                     -inf
                     -inf
                     -inf
                     -inf
                     -inf
                     -inf
                     -inf
                     -inf
                     -inf
                     -inf
                     -inf
                     -inf
                     -inf
                     -inf
                     -inf
                     -inf
                     -inf
                     -inf
                     -inf
                     -inf
                     -inf
                     -inf
                     -inf
                     -inf
                     -inf
                     -inf
                     -inf
                     -inf
                     -inf
                     -inf
                     -inf
                     -inf
                     -inf
                     -inf
                     -inf
                     -inf
                     -inf
                     -inf
                     -inf
                     -inf
                     -inf
                     -inf
                     -inf
                     -inf
                     -inf
                     -inf
                     -inf
                     -inf
                     -inf
                     -inf
                     -inf
                     -inf
                     -inf
                     -inf
                     -inf
                     -inf
                     -inf
                     -inf
                     -inf
                     -inf
                     -inf
                     -inf
                     -inf
                     -inf
                     -inf
                     -inf
                     -inf
                     -inf
                     -inf
                     -inf
                     -inf
                     -inf
                     -inf
                     -inf
                     -inf
                     -inf
                     -inf
                     -inf
                     -inf
                     -inf
                     -inf
                     -inf
                     -inf
                     -inf
                     -inf
                     -inf
                     -inf
                     -inf
                     -inf
                     -inf
                     -inf
                     -inf
                     -inf
                     -inf
                     -inf
                     -inf
                     -inf
                     -inf
                     -inf
                     -inf
                     -inf
                     -inf
                     -inf
                     -inf
                     -inf
                     -inf
                     -inf
                     -inf
                     -inf
                     -inf
                     -inf
                     -inf
                     -inf
                     -inf
                     -inf
                     -inf
                     -inf
                     -inf
                     -inf
                     -inf
                     -inf
                     -inf
                     -inf
                     -inf
                     -inf
                     -inf
                     -inf
                     -inf
                     -inf
                     -inf
                     -inf
                     -inf
