ARMA_MAT_TXT_FN008
1000 1
   5.4848757749115428e+01
   5.5521331295605854e+01
   5.5144542572589813e+01
   5.5408545999898379e+01
   5.5450908721685558e+01
   5.5783916233249357e+01
   5.4446146295016213e+01
   5.3796097732564704e+01
   5.5019769094290233e+01
   5.4868518159508554e+01
   5.1734749743499080e+01
   4.9245451795766307e+01
   4.4598111968368691e+01
   3.6445325800496569e+01
   2.1270712036169481e+01
   1.0120960185238763e+01
   1.7246610563401481e+00
  -2.4645036934031790e+00
  -7.7432296295260032e+00
  -1.2959500024361153e+01
  -1.8174738170576411e+01
  -2.2387353055908189e+01
  -2.6860537075770200e+01
  -3.5596607830647045e+01
  -4.1904261682790015e+01
  -4.8564169810799214e+01
  -5.4120276392426703e+01
  -6.0471279529968868e+01
  -6.4755622294914360e+01
  -7.1726131028851498e+01
  -7.4751841525518444e+01
  -8.0409914270802588e+01
  -8.5565932241614107e+01
  -9.0358055226905591e+01
  -9.5938628339657896e+01
  -1.0172373136026768e+02
  -1.0422171942373178e+02
  -1.2220016279874116e+02
  -1.0518535584352372e+02
  -1.0799062827724397e+02
  -1.1509128485492710e+02
  -1.1387791388617295e+02
  -1.2407743686555175e+02
  -1.1802387874130547e+02
  -1.3403197273546957e+02
  -1.2894966145664441e+02
  -1.2644759955321979e+02
  -1.3588552897232185e+02
  -1.3088616078560611e+02
  -1.4976082018112851e+02
  -1.5154780323755077e+02
  -1.3774832334536043e+02
  -1.4680643577327103e+02
  -1.6489934015171454e+02
  -1.6695123644360953e+02
  -1.7353948462969379e+02
  -1.7452032497368623e+02
  -1.7558241418857503e+02
  -1.6881575238443190e+02
  -1.5904696852275660e+02
  -1.7878778383412393e+02
  -1.8707503084362648e+02
  -1.8800848717894416e+02
  -1.6813800514680835e+02
  -1.9558478433034904e+02
  -1.9680561368709991e+02
  -1.7177338072149070e+02
  -2.0231679424864052e+02
  -1.7503568923949598e+02
  -2.0787600223202460e+02
  -1.8008468099753782e+02
  -2.1421688992154961e+02
  -2.1862352352250431e+02
  -2.2250416148312675e+02
  -1.8737845854978036e+02
  -2.2833120471111826e+02
  -1.9205963291599375e+02
  -2.3389373828881662e+02
  -2.3601871025221212e+02
  -1.9965101016179307e+02
  -2.2272535244698142e+02
  -2.0333210570374101e+02
  -2.4807233399562122e+02
  -2.5214115497107335e+02
  -2.0983567943536929e+02
  -2.5725227110863585e+02
  -2.6085428402971735e+02
  -2.6266877447033897e+02
  -2.6522807702552825e+02
  -2.6839391027653789e+02
  -2.7034583770223776e+02
  -2.7116346361012290e+02
  -2.7337554993471986e+02
  -2.7596187203631126e+02
  -2.7807848789620203e+02
  -2.7920513280010397e+02
  -2.3583323976198366e+02
  -2.8563106588031224e+02
  -2.8662269450564759e+02
  -2.8748816418186567e+02
  -2.4332719455969402e+02
  -2.9316169064265233e+02
  -2.8696265732007168e+02
  -2.9654358614871313e+02
  -2.9880293095385292e+02
  -2.9902900445970863e+02
  -2.9993679020162620e+02
  -2.9862846486019941e+02
  -2.9623548248259107e+02
  -2.7005129712307246e+02
  -3.0014349249848198e+02
  -2.6621181748441506e+02
  -3.0106075452430434e+02
  -2.9648042718309307e+02
  -2.7058798355898227e+02
  -2.7108605359529219e+02
  -3.0941480226654386e+02
  -3.1076044669745494e+02
  -3.1303416829767468e+02
  -2.7959130721600695e+02
  -2.8012812141247144e+02
  -3.1996701996669805e+02
  -2.8278753059502708e+02
  -2.8363091074725145e+02
  -3.2809240947418658e+02
  -3.2880485224624681e+02
  -3.2352746471678620e+02
  -2.9218123856612954e+02
  -3.3613908387180595e+02
  -3.3723284706455490e+02
  -3.3926883289210281e+02
  -3.4129222967713429e+02
  -3.4299130735155603e+02
  -3.4269265193618446e+02
  -3.0808006431785560e+02
  -3.4657314727728141e+02
  -3.2896164761419902e+02
  -3.4801678612288231e+02
  -3.1249385728669364e+02
  -3.5262823833177123e+02
  -3.5256288795165278e+02
  -3.5376848867358558e+02
  -3.2055089504048448e+02
  -3.2156342232258220e+02
  -3.4783794625390487e+02
  -3.6315669805164180e+02
  -3.6470893140006268e+02
  -3.6411638442823681e+02
  -3.3131387202461076e+02
  -3.6775873768343666e+02
  -3.4212404110175555e+02
  -3.4768576148959954e+02
  -3.7189448575269307e+02
  -3.5116662384047129e+02
  -3.7471776317386872e+02
  -3.7452409130774100e+02
  -3.4531745570081182e+02
  -3.4686537680992643e+02
  -3.4846182394941957e+02
  -3.8436912510136335e+02
  -3.7964543633508424e+02
  -3.7662765864414672e+02
  -3.7233200362232725e+02
  -3.5837930182924697e+02
  -3.6049042515773021e+02
  -3.6070112818614552e+02
  -3.6239419403301997e+02
  -3.9201709050807852e+02
  -3.6638143699572885e+02
  -3.6748876813082120e+02
  -3.6905590660352277e+02
  -3.6996027170842660e+02
  -3.7752981701740987e+02
  -3.8929700031738798e+02
  -3.7242438350757880e+02
  -3.7699003569984023e+02
  -3.7717848229545780e+02
  -3.8011700971172058e+02
  -3.7819770404010262e+02
  -3.8260462226646433e+02
  -3.8323079619259556e+02
  -3.8727275129477596e+02
  -3.8688367377213814e+02
  -3.8742924263306463e+02
  -3.8843462811818677e+02
  -3.8902888417853580e+02
  -3.9015274217127671e+02
  -4.0167998366128757e+02
  -3.9736888713670299e+02
  -4.0314136771484698e+02
  -3.9514787944800531e+02
  -3.9597967407957265e+02
  -4.0654610092936315e+02
  -3.9890241693456301e+02
  -3.9866997372606107e+02
  -4.0027962691571298e+02
  -4.0159223145253162e+02
  -4.0237031479593651e+02
  -4.0305381576210658e+02
  -4.0670390942205069e+02
  -4.0641152692738359e+02
  -4.0663881994278245e+02
  -4.0700934472518571e+02
  -4.0964226644445392e+02
  -4.0664230343093357e+02
  -4.0835249307394230e+02
  -4.1427212717480000e+02
  -4.1629070956754879e+02
  -4.1749841706437337e+02
  -4.1819735679424542e+02
  -4.1961867917069605e+02
  -4.2041646448012767e+02
  -4.3240079439981014e+02
  -4.2389559432777037e+02
  -4.2694624786340489e+02
  -4.2645677226760995e+02
  -4.2824002336134566e+02
  -4.3168831966004018e+02
  -4.3198785212390970e+02
  -4.3207053794970017e+02
  -4.3809121902937534e+02
  -4.3611859751312090e+02
  -4.4131855715152483e+02
  -4.3954329480106207e+02
  -4.4064084401147244e+02
  -4.4220490129209077e+02
  -4.4350671485078465e+02
  -4.5222827369668119e+02
  -4.5551270669094140e+02
  -4.4899806540882417e+02
  -4.5957519457385922e+02
  -4.6100006465925827e+02
  -4.5623263233468577e+02
  -4.5854608232237882e+02
  -4.6851567994403422e+02
  -4.5941077637978941e+02
  -4.7259510900364342e+02
  -4.7458206922509652e+02
  -4.7660580202684179e+02
  -4.7860307832963821e+02
  -4.7999405066914716e+02
  -4.8182129193620494e+02
  -4.8304932458704309e+02
  -4.7896027175008544e+02
  -4.7403679787817373e+02
  -4.8781549480564809e+02
  -4.7726801573152869e+02
  -4.9015798875409632e+02
  -4.9156311231562643e+02
  -4.9324651149328844e+02
  -4.9439454034932015e+02
  -4.8486479334387576e+02
  -4.9718843633661010e+02
  -4.9815485292275622e+02
  -4.9026567183428284e+02
  -4.9686337709225967e+02
  -4.9213814600978327e+02
  -5.0508730762256778e+02
  -5.0715355577833446e+02
  -5.0665754631021071e+02
  -5.1104040623643249e+02
  -5.1324778285236494e+02
  -5.1406109747855396e+02
  -5.0410816656194942e+02
  -5.0499861494541932e+02
  -5.1901801148063191e+02
  -5.0793273895714663e+02
  -5.2182502280323956e+02
  -5.2453920193415502e+02
  -5.2564203372533484e+02
  -5.2726074950032216e+02
  -5.2851018412739097e+02
  -5.1695896118869223e+02
  -5.3176973690982356e+02
  -5.1999251220293036e+02
  -5.2163635318620061e+02
  -5.3725414840241001e+02
  -5.3858747252652006e+02
  -5.4016682629497393e+02
  -5.2883117856148010e+02
  -5.4417092254778424e+02
  -5.3102293143443489e+02
  -5.4757654020488303e+02
  -5.4054125415079932e+02
  -5.5229231221181908e+02
  -5.4277576545018144e+02
  -5.4979025957901138e+02
  -5.5746710260923601e+02
  -5.5909710350313026e+02
  -5.6070377240840855e+02
  -5.4764417008859857e+02
  -5.6257534319928584e+02
  -5.4840010560038411e+02
  -5.6453926972218471e+02
  -5.6534193763133442e+02
  -5.6588252772724593e+02
  -5.6714254388468885e+02
  -5.6648020446066641e+02
  -5.6500028848685326e+02
  -5.6286608739598159e+02
  -5.6039686097727918e+02
  -5.6271302318285893e+02
  -5.6353831457440037e+02
  -5.6546278777338182e+02
  -5.6628852269641754e+02
  -5.6761253047756884e+02
  -5.7485281227300516e+02
  -5.6848141648043406e+02
  -5.6992120857631460e+02
  -5.7004593951642971e+02
  -5.7115629837802101e+02
  -5.6971860077047347e+02
  -5.8294418173491817e+02
  -5.7226259652298302e+02
  -5.6955968400543736e+02
  -5.7304240726832109e+02
  -5.7407983104778589e+02
  -5.7412669577146028e+02
  -5.7285146159386773e+02
  -5.7093252616631332e+02
  -5.8432230124792613e+02
  -5.7184317523824382e+02
  -5.7538906218726243e+02
  -5.7186516346579231e+02
  -5.7292264398778923e+02
  -5.7290443825745467e+02
  -5.7261155581058415e+02
  -5.7323632971804750e+02
  -5.7443174007942457e+02
  -5.7394359380829769e+02
  -5.7923844212540689e+02
  -5.7403003113955708e+02
  -5.8098399891892655e+02
  -5.8223466697731180e+02
  -5.8635786086729240e+02
  -5.8862219278443604e+02
  -5.8537192860894186e+02
  -5.8103512053620864e+02
  -5.7990995104899889e+02
  -5.8999789859638577e+02
  -5.9171898223768403e+02
  -5.9995634006438866e+02
  -5.9466317495623241e+02
  -6.0195883226173794e+02
  -6.0249671628390490e+02
  -6.0280097633669334e+02
  -5.9811694974522891e+02
  -5.9308800638356706e+02
  -5.8918484963050776e+02
  -6.1044200419080971e+02
  -6.0660198930467720e+02
  -5.9402717754461275e+02
  -6.0801599808461606e+02
  -6.0688760467818383e+02
  -6.0721372067637560e+02
  -5.9736171021991993e+02
  -6.0928863395087751e+02
  -6.0909849921838168e+02
  -6.0929682488084973e+02
  -6.0162817386469283e+02
  -5.9651926895221436e+02
  -6.1511266460082925e+02
  -6.1331491305737188e+02
  -6.1442611590717968e+02
  -6.1300005454450343e+02
  -6.1096954671122069e+02
  -6.0992315831068618e+02
  -6.1083784658911634e+02
  -6.1443667598327693e+02
  -6.1069814523997513e+02
  -6.1265131584821131e+02
  -6.1139531846355817e+02
  -6.0904532483475123e+02
  -6.0818561011640224e+02
  -6.1449078509841752e+02
  -6.0957016454031236e+02
  -6.0851194529931877e+02
  -6.0958628250883521e+02
  -6.1641948009355804e+02
  -6.1056495140890922e+02
  -6.1087950974545151e+02
  -6.1074811126504824e+02
  -6.1765681122132469e+02
  -6.1302910664242484e+02
  -6.1283454108177875e+02
  -6.1486659707084721e+02
  -6.1375291854090915e+02
  -6.2367431780298250e+02
  -6.2200069325603658e+02
  -6.2255634160631485e+02
  -6.2111124961810629e+02
  -6.2428816287840596e+02
  -6.2131599133901932e+02
  -6.1998214088105999e+02
  -6.2932761047287693e+02
  -6.2939258209231389e+02
  -6.3056792956344657e+02
  -6.2640891469174414e+02
  -6.2565291614673879e+02
  -6.3622104680400753e+02
  -6.3637396037796043e+02
  -6.3681414500690016e+02
  -6.3480596477046470e+02
  -6.3192110952671464e+02
  -6.4220241408614572e+02
  -6.3570092139132782e+02
  -6.3609277564392596e+02
  -6.4594845897500340e+02
  -6.4680069684092427e+02
  -6.4764600253517222e+02
  -6.4110679352710793e+02
  -6.5003545307589820e+02
  -6.5187059879020671e+02
  -6.5208131754024828e+02
  -6.4584836873630627e+02
  -6.5564294894122327e+02
  -6.5710729860739048e+02
  -6.5865973411450136e+02
  -6.5922604520408686e+02
  -6.5976175897157020e+02
  -6.5639343408914874e+02
  -6.5555583640628345e+02
  -6.6422617535615643e+02
  -6.6392303469856677e+02
  -6.5925331149162412e+02
  -6.5943090654352852e+02
  -6.5859007728136294e+02
  -6.5640298937166710e+02
  -6.7326727152550552e+02
  -6.7229582614080869e+02
  -6.6242652928564439e+02
  -6.7615655280133547e+02
  -6.7582439067650580e+02
  -6.7700727934113456e+02
  -6.7001261871144311e+02
  -6.7837262804335228e+02
  -6.7791086803445796e+02
  -6.7500526788985439e+02
  -6.7202075929871410e+02
  -6.7174660526493699e+02
  -6.7134169787178121e+02
  -6.8984090891140306e+02
  -6.7224000479406777e+02
  -6.8533609111270016e+02
  -6.7466812782676243e+02
  -6.7868670064820014e+02
  -6.8862025066284480e+02
  -6.8820309008477227e+02
  -6.7988354559490449e+02
  -6.8081846155948074e+02
  -6.9364719059273159e+02
  -6.8197197091776854e+02
  -6.8349440564172903e+02
                     -inf
                      nan
                      nan
   0.0000000000000000e+00
   0.0000000000000000e+00
   0.0000000000000000e+00
   0.0000000000000000e+00
   0.0000000000000000e+00
   0.0000000000000000e+00
   0.0000000000000000e+00
   0.0000000000000000e+00
   0.0000000000000000e+00
   0.0000000000000000e+00
   0.0000000000000000e+00
   0.0000000000000000e+00
   0.0000000000000000e+00
   0.0000000000000000e+00
   0.0000000000000000e+00
   0.0000000000000000e+00
   0.0000000000000000e+00
   0.0000000000000000e+00
   0.0000000000000000e+00
   0.0000000000000000e+00
   0.0000000000000000e+00
   0.0000000000000000e+00
   0.0000000000000000e+00
   0.0000000000000000e+00
   0.0000000000000000e+00
   0.0000000000000000e+00
   0.0000000000000000e+00
   0.0000000000000000e+00
   0.0000000000000000e+00
   0.0000000000000000e+00
   0.0000000000000000e+00
   0.0000000000000000e+00
   0.0000000000000000e+00
   0.0000000000000000e+00
   0.0000000000000000e+00
   0.0000000000000000e+00
   0.0000000000000000e+00
   0.0000000000000000e+00
   0.0000000000000000e+00
   0.0000000000000000e+00
   0.0000000000000000e+00
   0.0000000000000000e+00
   0.0000000000000000e+00
   0.0000000000000000e+00
   0.0000000000000000e+00
   0.0000000000000000e+00
   0.0000000000000000e+00
   0.0000000000000000e+00
   0.0000000000000000e+00
   0.0000000000000000e+00
   0.0000000000000000e+00
   0.0000000000000000e+00
   0.0000000000000000e+00
   0.0000000000000000e+00
   0.0000000000000000e+00
   0.0000000000000000e+00
   0.0000000000000000e+00
   0.0000000000000000e+00
   0.0000000000000000e+00
   0.0000000000000000e+00
   0.0000000000000000e+00
   0.0000000000000000e+00
   0.0000000000000000e+00
   0.0000000000000000e+00
   0.0000000000000000e+00
   0.0000000000000000e+00
   0.0000000000000000e+00
   0.0000000000000000e+00
   0.0000000000000000e+00
   0.0000000000000000e+00
   0.0000000000000000e+00
   0.0000000000000000e+00
   0.0000000000000000e+00
   0.0000000000000000e+00
   0.0000000000000000e+00
   0.0000000000000000e+00
   0.0000000000000000e+00
   0.0000000000000000e+00
   0.0000000000000000e+00
   0.0000000000000000e+00
   0.0000000000000000e+00
   0.0000000000000000e+00
   0.0000000000000000e+00
   0.0000000000000000e+00
   0.0000000000000000e+00
   0.0000000000000000e+00
   0.0000000000000000e+00
   0.0000000000000000e+00
   0.0000000000000000e+00
   0.0000000000000000e+00
   0.0000000000000000e+00
   0.0000000000000000e+00
   0.0000000000000000e+00
   0.0000000000000000e+00
   0.0000000000000000e+00
   0.0000000000000000e+00
   0.0000000000000000e+00
   0.0000000000000000e+00
   0.0000000000000000e+00
   0.0000000000000000e+00
   0.0000000000000000e+00
   0.0000000000000000e+00
   0.0000000000000000e+00
   0.0000000000000000e+00
   0.0000000000000000e+00
   0.0000000000000000e+00
   0.0000000000000000e+00
   0.0000000000000000e+00
   0.0000000000000000e+00
   0.0000000000000000e+00
   0.0000000000000000e+00
   0.0000000000000000e+00
   0.0000000000000000e+00
   0.0000000000000000e+00
   0.0000000000000000e+00
   0.0000000000000000e+00
   0.0000000000000000e+00
   0.0000000000000000e+00
   0.0000000000000000e+00
   0.0000000000000000e+00
   0.0000000000000000e+00
   0.0000000000000000e+00
   0.0000000000000000e+00
   0.0000000000000000e+00
   0.0000000000000000e+00
   0.0000000000000000e+00
   0.0000000000000000e+00
   0.0000000000000000e+00
   0.0000000000000000e+00
   0.0000000000000000e+00
   0.0000000000000000e+00
   0.0000000000000000e+00
   0.0000000000000000e+00
   0.0000000000000000e+00
   0.0000000000000000e+00
   0.0000000000000000e+00
   0.0000000000000000e+00
   0.0000000000000000e+00
   0.0000000000000000e+00
   0.0000000000000000e+00
   0.0000000000000000e+00
   0.0000000000000000e+00
   0.0000000000000000e+00
   0.0000000000000000e+00
   0.0000000000000000e+00
   0.0000000000000000e+00
   0.0000000000000000e+00
   0.0000000000000000e+00
   0.0000000000000000e+00
   0.0000000000000000e+00
   0.0000000000000000e+00
   0.0000000000000000e+00
   0.0000000000000000e+00
   0.0000000000000000e+00
   0.0000000000000000e+00
   0.0000000000000000e+00
   0.0000000000000000e+00
   0.0000000000000000e+00
   0.0000000000000000e+00
   0.0000000000000000e+00
   0.0000000000000000e+00
   0.0000000000000000e+00
   0.0000000000000000e+00
   0.0000000000000000e+00
   0.0000000000000000e+00
   0.0000000000000000e+00
   0.0000000000000000e+00
   0.0000000000000000e+00
   0.0000000000000000e+00
   0.0000000000000000e+00
   0.0000000000000000e+00
   0.0000000000000000e+00
   0.0000000000000000e+00
   0.0000000000000000e+00
   0.0000000000000000e+00
   0.0000000000000000e+00
   0.0000000000000000e+00
   0.0000000000000000e+00
   0.0000000000000000e+00
   0.0000000000000000e+00
   0.0000000000000000e+00
   0.0000000000000000e+00
   0.0000000000000000e+00
   0.0000000000000000e+00
   0.0000000000000000e+00
   0.0000000000000000e+00
   0.0000000000000000e+00
   0.0000000000000000e+00
   0.0000000000000000e+00
   0.0000000000000000e+00
   0.0000000000000000e+00
   0.0000000000000000e+00
   0.0000000000000000e+00
   0.0000000000000000e+00
   0.0000000000000000e+00
   0.0000000000000000e+00
   0.0000000000000000e+00
   0.0000000000000000e+00
   0.0000000000000000e+00
   0.0000000000000000e+00
   0.0000000000000000e+00
   0.0000000000000000e+00
   0.0000000000000000e+00
   0.0000000000000000e+00
   0.0000000000000000e+00
   0.0000000000000000e+00
   0.0000000000000000e+00
   0.0000000000000000e+00
   0.0000000000000000e+00
   0.0000000000000000e+00
   0.0000000000000000e+00
   0.0000000000000000e+00
   0.0000000000000000e+00
   0.0000000000000000e+00
   0.0000000000000000e+00
   0.0000000000000000e+00
   0.0000000000000000e+00
   0.0000000000000000e+00
   0.0000000000000000e+00
   0.0000000000000000e+00
   0.0000000000000000e+00
   0.0000000000000000e+00
   0.0000000000000000e+00
   0.0000000000000000e+00
   0.0000000000000000e+00
   0.0000000000000000e+00
   0.0000000000000000e+00
   0.0000000000000000e+00
   0.0000000000000000e+00
   0.0000000000000000e+00
   0.0000000000000000e+00
   0.0000000000000000e+00
   0.0000000000000000e+00
   0.0000000000000000e+00
   0.0000000000000000e+00
   0.0000000000000000e+00
   0.0000000000000000e+00
   0.0000000000000000e+00
   0.0000000000000000e+00
   0.0000000000000000e+00
   0.0000000000000000e+00
   0.0000000000000000e+00
   0.0000000000000000e+00
   0.0000000000000000e+00
   0.0000000000000000e+00
   0.0000000000000000e+00
   0.0000000000000000e+00
   0.0000000000000000e+00
   0.0000000000000000e+00
   0.0000000000000000e+00
   0.0000000000000000e+00
   0.0000000000000000e+00
   0.0000000000000000e+00
   0.0000000000000000e+00
   0.0000000000000000e+00
   0.0000000000000000e+00
   0.0000000000000000e+00
   0.0000000000000000e+00
   0.0000000000000000e+00
   0.0000000000000000e+00
   0.0000000000000000e+00
   0.0000000000000000e+00
   0.0000000000000000e+00
   0.0000000000000000e+00
   0.0000000000000000e+00
   0.0000000000000000e+00
   0.0000000000000000e+00
   0.0000000000000000e+00
   0.0000000000000000e+00
   0.0000000000000000e+00
   0.0000000000000000e+00
   0.0000000000000000e+00
   0.0000000000000000e+00
   0.0000000000000000e+00
   0.0000000000000000e+00
   0.0000000000000000e+00
   0.0000000000000000e+00
   0.0000000000000000e+00
   0.0000000000000000e+00
   0.0000000000000000e+00
   0.0000000000000000e+00
   0.0000000000000000e+00
   0.0000000000000000e+00
   0.0000000000000000e+00
   0.0000000000000000e+00
   0.0000000000000000e+00
   0.0000000000000000e+00
   0.0000000000000000e+00
   0.0000000000000000e+00
   0.0000000000000000e+00
   0.0000000000000000e+00
   0.0000000000000000e+00
   0.0000000000000000e+00
   0.0000000000000000e+00
   0.0000000000000000e+00
   0.0000000000000000e+00
   0.0000000000000000e+00
   0.0000000000000000e+00
   0.0000000000000000e+00
   0.0000000000000000e+00
   0.0000000000000000e+00
   0.0000000000000000e+00
   0.0000000000000000e+00
   0.0000000000000000e+00
   0.0000000000000000e+00
   0.0000000000000000e+00
   0.0000000000000000e+00
   0.0000000000000000e+00
   0.0000000000000000e+00
   0.0000000000000000e+00
   0.0000000000000000e+00
   0.0000000000000000e+00
   0.0000000000000000e+00
   0.0000000000000000e+00
   0.0000000000000000e+00
   0.0000000000000000e+00
   0.0000000000000000e+00
   0.0000000000000000e+00
   0.0000000000000000e+00
   0.0000000000000000e+00
   0.0000000000000000e+00
   0.0000000000000000e+00
   0.0000000000000000e+00
   0.0000000000000000e+00
   0.0000000000000000e+00
   0.0000000000000000e+00
   0.0000000000000000e+00
   0.0000000000000000e+00
   0.0000000000000000e+00
   0.0000000000000000e+00
   0.0000000000000000e+00
   0.0000000000000000e+00
   0.0000000000000000e+00
   0.0000000000000000e+00
   0.0000000000000000e+00
   0.0000000000000000e+00
   0.0000000000000000e+00
   0.0000000000000000e+00
   0.0000000000000000e+00
   0.0000000000000000e+00
   0.0000000000000000e+00
   0.0000000000000000e+00
   0.0000000000000000e+00
   0.0000000000000000e+00
   0.0000000000000000e+00
   0.0000000000000000e+00
   0.0000000000000000e+00
   0.0000000000000000e+00
   0.0000000000000000e+00
   0.0000000000000000e+00
   0.0000000000000000e+00
   0.0000000000000000e+00
   0.0000000000000000e+00
   0.0000000000000000e+00
   0.0000000000000000e+00
   0.0000000000000000e+00
   0.0000000000000000e+00
   0.0000000000000000e+00
   0.0000000000000000e+00
   0.0000000000000000e+00
   0.0000000000000000e+00
   0.0000000000000000e+00
   0.0000000000000000e+00
   0.0000000000000000e+00
   0.0000000000000000e+00
   0.0000000000000000e+00
   0.0000000000000000e+00
   0.0000000000000000e+00
   0.0000000000000000e+00
   0.0000000000000000e+00
   0.0000000000000000e+00
   0.0000000000000000e+00
   0.0000000000000000e+00
   0.0000000000000000e+00
   0.0000000000000000e+00
   0.0000000000000000e+00
   0.0000000000000000e+00
   0.0000000000000000e+00
   0.0000000000000000e+00
   0.0000000000000000e+00
   0.0000000000000000e+00
   0.0000000000000000e+00
   0.0000000000000000e+00
   0.0000000000000000e+00
   0.0000000000000000e+00
   0.0000000000000000e+00
   0.0000000000000000e+00
   0.0000000000000000e+00
   0.0000000000000000e+00
   0.0000000000000000e+00
   0.0000000000000000e+00
   0.0000000000000000e+00
   0.0000000000000000e+00
   0.0000000000000000e+00
   0.0000000000000000e+00
   0.0000000000000000e+00
   0.0000000000000000e+00
   0.0000000000000000e+00
   0.0000000000000000e+00
   0.0000000000000000e+00
   0.0000000000000000e+00
   0.0000000000000000e+00
   0.0000000000000000e+00
   0.0000000000000000e+00
   0.0000000000000000e+00
   0.0000000000000000e+00
   0.0000000000000000e+00
   0.0000000000000000e+00
   0.0000000000000000e+00
   0.0000000000000000e+00
   0.0000000000000000e+00
   0.0000000000000000e+00
   0.0000000000000000e+00
   0.0000000000000000e+00
   0.0000000000000000e+00
   0.0000000000000000e+00
   0.0000000000000000e+00
   0.0000000000000000e+00
   0.0000000000000000e+00
   0.0000000000000000e+00
   0.0000000000000000e+00
   0.0000000000000000e+00
   0.0000000000000000e+00
   0.0000000000000000e+00
   0.0000000000000000e+00
   0.0000000000000000e+00
   0.0000000000000000e+00
   0.0000000000000000e+00
   0.0000000000000000e+00
   0.0000000000000000e+00
   0.0000000000000000e+00
   0.0000000000000000e+00
   0.0000000000000000e+00
   0.0000000000000000e+00
   0.0000000000000000e+00
   0.0000000000000000e+00
   0.0000000000000000e+00
   0.0000000000000000e+00
   0.0000000000000000e+00
   0.0000000000000000e+00
   0.0000000000000000e+00
   0.0000000000000000e+00
   0.0000000000000000e+00
   0.0000000000000000e+00
   0.0000000000000000e+00
   0.0000000000000000e+00
   0.0000000000000000e+00
   0.0000000000000000e+00
   0.0000000000000000e+00
   0.0000000000000000e+00
   0.0000000000000000e+00
   0.0000000000000000e+00
   0.0000000000000000e+00
   0.0000000000000000e+00
   0.0000000000000000e+00
   0.0000000000000000e+00
   0.0000000000000000e+00
   0.0000000000000000e+00
   0.0000000000000000e+00
   0.0000000000000000e+00
   0.0000000000000000e+00
   0.0000000000000000e+00
   0.0000000000000000e+00
   0.0000000000000000e+00
   0.0000000000000000e+00
   0.0000000000000000e+00
   0.0000000000000000e+00
   0.0000000000000000e+00
   0.0000000000000000e+00
   0.0000000000000000e+00
   0.0000000000000000e+00
   0.0000000000000000e+00
   0.0000000000000000e+00
   0.0000000000000000e+00
   0.0000000000000000e+00
   0.0000000000000000e+00
   0.0000000000000000e+00
   0.0000000000000000e+00
   0.0000000000000000e+00
   0.0000000000000000e+00
   0.0000000000000000e+00
   0.0000000000000000e+00
   0.0000000000000000e+00
   0.0000000000000000e+00
   0.0000000000000000e+00
   0.0000000000000000e+00
   0.0000000000000000e+00
   0.0000000000000000e+00
   0.0000000000000000e+00
   0.0000000000000000e+00
   0.0000000000000000e+00
   0.0000000000000000e+00
   0.0000000000000000e+00
   0.0000000000000000e+00
   0.0000000000000000e+00
   0.0000000000000000e+00
   0.0000000000000000e+00
   0.0000000000000000e+00
   0.0000000000000000e+00
   0.0000000000000000e+00
   0.0000000000000000e+00
   0.0000000000000000e+00
   0.0000000000000000e+00
   0.0000000000000000e+00
   0.0000000000000000e+00
   0.0000000000000000e+00
   0.0000000000000000e+00
   0.0000000000000000e+00
   0.0000000000000000e+00
   0.0000000000000000e+00
   0.0000000000000000e+00
   0.0000000000000000e+00
   0.0000000000000000e+00
   0.0000000000000000e+00
   0.0000000000000000e+00
   0.0000000000000000e+00
   0.0000000000000000e+00
   0.0000000000000000e+00
   0.0000000000000000e+00
   0.0000000000000000e+00
   0.0000000000000000e+00
   0.0000000000000000e+00
   0.0000000000000000e+00
   0.0000000000000000e+00
   0.0000000000000000e+00
   0.0000000000000000e+00
   0.0000000000000000e+00
   0.0000000000000000e+00
   0.0000000000000000e+00
   0.0000000000000000e+00
   0.0000000000000000e+00
   0.0000000000000000e+00
   0.0000000000000000e+00
   0.0000000000000000e+00
   0.0000000000000000e+00
   0.0000000000000000e+00
   0.0000000000000000e+00
   0.0000000000000000e+00
   0.0000000000000000e+00
   0.0000000000000000e+00
   0.0000000000000000e+00
   0.0000000000000000e+00
   0.0000000000000000e+00
   0.0000000000000000e+00
