ARMA_MAT_TXT_FN008
1000 1
   8.8067966171767253e+01
   8.8567251968788526e+01
   8.8235804863352087e+01
   8.8387316192053234e+01
   8.8406184010369216e+01
   8.8381871115557487e+01
   8.8393551514169744e+01
   8.8415062712554203e+01
   8.8234412411848695e+01
   8.8076665879412687e+01
   8.7860239268180067e+01
   8.7408348216925887e+01
   8.7606373391915881e+01
   8.7362378139423157e+01
   8.7436372232012772e+01
   8.7327483489699986e+01
   8.7391629332079930e+01
   8.7302501155393074e+01
   8.7239409252935872e+01
   8.7703640452472087e+01
   8.7314934492948254e+01
   8.7222248237199096e+01
   8.7369599945304060e+01
   8.7648631607281530e+01
   8.7142919955647045e+01
   8.7368099956541258e+01
   8.7583104237064333e+01
   8.7623816094413968e+01
   8.7360081480068672e+01
   8.7230214843819468e+01
   8.7470498815555430e+01
   8.7512922148074125e+01
   8.7416488686305712e+01
   8.7339233787993649e+01
   8.7317014860285738e+01
   8.7455842107526365e+01
   8.7590897517468605e+01
   8.7281481573148042e+01
   8.7226615935825109e+01
   8.6992266294144684e+01
   8.7401422312766400e+01
   8.7488536099869933e+01
   8.7052801005957875e+01
   8.7047927761891160e+01
   8.7548193874993089e+01
   8.7064262518307643e+01
   8.6990828073543767e+01
   8.7030745921637845e+01
   8.7119696290191712e+01
   8.7064466759431170e+01
   8.6933466537262731e+01
   8.7075399101177908e+01
   8.6950279966216783e+01
   8.7048146097568974e+01
   8.7066862152384019e+01
   8.7074043639219880e+01
   8.6743405669638264e+01
   8.6813111326281771e+01
   8.6754430440362057e+01
   8.6722662367832456e+01
   8.6797286859785018e+01
   8.6484953803534694e+01
   8.6456087938825490e+01
   8.6349441316637709e+01
   8.6496507591295909e+01
   8.6186280914075098e+01
   8.6452103264973132e+01
   8.6411794418166110e+01
   8.6306454448183459e+01
   8.6284276464048730e+01
   8.6400334869416426e+01
   8.6146334733047539e+01
   8.6082522091808997e+01
   8.6026857451218746e+01
   8.5936000816158028e+01
   8.5792370709654307e+01
   8.6195074775390495e+01
   8.5694063454112978e+01
   8.5925350093557924e+01
   8.5569330267030182e+01
   8.5687805736816969e+01
   8.5936804914414353e+01
   8.5584533465519485e+01
   8.5780455655041209e+01
   8.5665553447652513e+01
   8.5703525393357168e+01
   8.5448685080626987e+01
   8.5369381125236274e+01
   8.5659585424925439e+01
   8.5328690076601490e+01
   8.5363266627246801e+01
   8.5116993868509056e+01
   8.5309246002416231e+01
   8.5069300614375223e+01
   8.5122698386372036e+01
   8.4821973522915371e+01
   8.5069160230930962e+01
   8.4674929177509526e+01
   8.4811541218328202e+01
   8.4591640467325703e+01
   8.4784122533946189e+01
   8.4595719811204759e+01
   8.4754294188285357e+01
   8.4282202274763094e+01
   8.4604186867744446e+01
   8.4332693569629754e+01
   8.4604290601846031e+01
   8.4306252412915370e+01
   8.4283588344247633e+01
   8.4181250869571983e+01
   8.4381604190191567e+01
   8.4104584354720132e+01
   8.4172863098647184e+01
   8.3951535602427100e+01
   8.4127155948659919e+01
   8.4209194167790486e+01
   8.3882309089051432e+01
   8.3754598489858822e+01
   8.4083933899241146e+01
   8.4039725234465166e+01
   8.3819873729986099e+01
   8.3874810837618085e+01
   8.3816525522410828e+01
   8.3549586662614303e+01
   8.3599075367253022e+01
   8.3391480972986784e+01
   8.3514618107121990e+01
   8.3502642786456732e+01
   8.3498868020810903e+01
   8.3486108422721685e+01
   8.3294980662604672e+01
   8.3426694469181299e+01
   8.3071800636208494e+01
   8.3306799504129572e+01
   8.3190370240337586e+01
   8.3062671400198866e+01
   8.2973749239637428e+01
   8.3128098472709439e+01
   8.3129675778328277e+01
   8.3082803019558213e+01
   8.2830849710857947e+01
   8.3140863877561159e+01
   8.2774574432625954e+01
   8.2800343465774290e+01
   8.2780282555904918e+01
   8.2922260897206513e+01
   8.2756895780240342e+01
   8.2591661518627035e+01
   8.2566859564099246e+01
   8.2801560927506856e+01
   8.2752459693854959e+01
   8.2476642142095130e+01
   8.2600485321753752e+01
   8.2615420150114502e+01
   8.2353915872873941e+01
   8.2609188392940112e+01
   8.2543716635497276e+01
   8.2218697906197562e+01
   8.2441753300985781e+01
   8.2398673064649699e+01
   8.2212621591774450e+01
   8.2549704918134708e+01
   8.2315561824032216e+01
   8.2038428843820483e+01
   8.2250083907114316e+01
   8.2186707714796611e+01
   8.2077927160603139e+01
   8.1999346955986596e+01
   8.2061920489969410e+01
   8.1827953767667566e+01
   8.2166679965133113e+01
   8.1801809145355676e+01
   8.1870639768767631e+01
   8.1899968282298488e+01
   8.1699208759951077e+01
   8.1960687927826370e+01
   8.1808820566449356e+01
   8.1642280949189214e+01
   8.1673794469449788e+01
   8.1746719354675761e+01
   8.1606224685442243e+01
   8.1453047920183877e+01
   8.1759467434051857e+01
   8.1569175229339294e+01
   8.1550119731620384e+01
   8.1541474399592900e+01
   8.1306807214848121e+01
   8.1513297288167124e+01
   8.1432980228227208e+01
   8.1247539294536537e+01
   8.1354476874959630e+01
   8.1317046859894020e+01
   8.1078510295160655e+01
   0.0000000000000000e+00
   0.0000000000000000e+00
   0.0000000000000000e+00
   0.0000000000000000e+00
   0.0000000000000000e+00
   0.0000000000000000e+00
   0.0000000000000000e+00
   0.0000000000000000e+00
   0.0000000000000000e+00
   0.0000000000000000e+00
   0.0000000000000000e+00
   0.0000000000000000e+00
   0.0000000000000000e+00
   0.0000000000000000e+00
   0.0000000000000000e+00
   0.0000000000000000e+00
   0.0000000000000000e+00
   0.0000000000000000e+00
   0.0000000000000000e+00
   0.0000000000000000e+00
   0.0000000000000000e+00
   0.0000000000000000e+00
   0.0000000000000000e+00
   0.0000000000000000e+00
   0.0000000000000000e+00
   0.0000000000000000e+00
   0.0000000000000000e+00
   0.0000000000000000e+00
   0.0000000000000000e+00
   0.0000000000000000e+00
   0.0000000000000000e+00
   0.0000000000000000e+00
   0.0000000000000000e+00
   0.0000000000000000e+00
   0.0000000000000000e+00
   0.0000000000000000e+00
   0.0000000000000000e+00
   0.0000000000000000e+00
   0.0000000000000000e+00
   0.0000000000000000e+00
   0.0000000000000000e+00
   0.0000000000000000e+00
   0.0000000000000000e+00
   0.0000000000000000e+00
   0.0000000000000000e+00
   0.0000000000000000e+00
   0.0000000000000000e+00
   0.0000000000000000e+00
   0.0000000000000000e+00
   0.0000000000000000e+00
   0.0000000000000000e+00
   0.0000000000000000e+00
   0.0000000000000000e+00
   0.0000000000000000e+00
   0.0000000000000000e+00
   0.0000000000000000e+00
   0.0000000000000000e+00
   0.0000000000000000e+00
   0.0000000000000000e+00
   0.0000000000000000e+00
   0.0000000000000000e+00
   0.0000000000000000e+00
   0.0000000000000000e+00
   0.0000000000000000e+00
   0.0000000000000000e+00
   0.0000000000000000e+00
   0.0000000000000000e+00
   0.0000000000000000e+00
   0.0000000000000000e+00
   0.0000000000000000e+00
   0.0000000000000000e+00
   0.0000000000000000e+00
   0.0000000000000000e+00
   0.0000000000000000e+00
   0.0000000000000000e+00
   0.0000000000000000e+00
   0.0000000000000000e+00
   0.0000000000000000e+00
   0.0000000000000000e+00
   0.0000000000000000e+00
   0.0000000000000000e+00
   0.0000000000000000e+00
   0.0000000000000000e+00
   0.0000000000000000e+00
   0.0000000000000000e+00
   0.0000000000000000e+00
   0.0000000000000000e+00
   0.0000000000000000e+00
   0.0000000000000000e+00
   0.0000000000000000e+00
   0.0000000000000000e+00
   0.0000000000000000e+00
   0.0000000000000000e+00
   0.0000000000000000e+00
   0.0000000000000000e+00
   0.0000000000000000e+00
   0.0000000000000000e+00
   0.0000000000000000e+00
   0.0000000000000000e+00
   0.0000000000000000e+00
   0.0000000000000000e+00
   0.0000000000000000e+00
   0.0000000000000000e+00
   0.0000000000000000e+00
   0.0000000000000000e+00
   0.0000000000000000e+00
   0.0000000000000000e+00
   0.0000000000000000e+00
   0.0000000000000000e+00
   0.0000000000000000e+00
   0.0000000000000000e+00
   0.0000000000000000e+00
   0.0000000000000000e+00
   0.0000000000000000e+00
   0.0000000000000000e+00
   0.0000000000000000e+00
   0.0000000000000000e+00
   0.0000000000000000e+00
   0.0000000000000000e+00
   0.0000000000000000e+00
   0.0000000000000000e+00
   0.0000000000000000e+00
   0.0000000000000000e+00
   0.0000000000000000e+00
   0.0000000000000000e+00
   0.0000000000000000e+00
   0.0000000000000000e+00
   0.0000000000000000e+00
   0.0000000000000000e+00
   0.0000000000000000e+00
   0.0000000000000000e+00
   0.0000000000000000e+00
   0.0000000000000000e+00
   0.0000000000000000e+00
   0.0000000000000000e+00
   0.0000000000000000e+00
   0.0000000000000000e+00
   0.0000000000000000e+00
   0.0000000000000000e+00
   0.0000000000000000e+00
   0.0000000000000000e+00
   0.0000000000000000e+00
   0.0000000000000000e+00
   0.0000000000000000e+00
   0.0000000000000000e+00
   0.0000000000000000e+00
   0.0000000000000000e+00
   0.0000000000000000e+00
   0.0000000000000000e+00
   0.0000000000000000e+00
   0.0000000000000000e+00
   0.0000000000000000e+00
   0.0000000000000000e+00
   0.0000000000000000e+00
   0.0000000000000000e+00
   0.0000000000000000e+00
   0.0000000000000000e+00
   0.0000000000000000e+00
   0.0000000000000000e+00
   0.0000000000000000e+00
   0.0000000000000000e+00
   0.0000000000000000e+00
   0.0000000000000000e+00
   0.0000000000000000e+00
   0.0000000000000000e+00
   0.0000000000000000e+00
   0.0000000000000000e+00
   0.0000000000000000e+00
   0.0000000000000000e+00
   0.0000000000000000e+00
   0.0000000000000000e+00
   0.0000000000000000e+00
   0.0000000000000000e+00
   0.0000000000000000e+00
   0.0000000000000000e+00
   0.0000000000000000e+00
   0.0000000000000000e+00
   0.0000000000000000e+00
   0.0000000000000000e+00
   0.0000000000000000e+00
   0.0000000000000000e+00
   0.0000000000000000e+00
   0.0000000000000000e+00
   0.0000000000000000e+00
   0.0000000000000000e+00
   0.0000000000000000e+00
   0.0000000000000000e+00
   0.0000000000000000e+00
   0.0000000000000000e+00
   0.0000000000000000e+00
   0.0000000000000000e+00
   0.0000000000000000e+00
   0.0000000000000000e+00
   0.0000000000000000e+00
   0.0000000000000000e+00
   0.0000000000000000e+00
   0.0000000000000000e+00
   0.0000000000000000e+00
   0.0000000000000000e+00
   0.0000000000000000e+00
   0.0000000000000000e+00
   0.0000000000000000e+00
   0.0000000000000000e+00
   0.0000000000000000e+00
   0.0000000000000000e+00
   0.0000000000000000e+00
   0.0000000000000000e+00
   0.0000000000000000e+00
   0.0000000000000000e+00
   0.0000000000000000e+00
   0.0000000000000000e+00
   0.0000000000000000e+00
   0.0000000000000000e+00
   0.0000000000000000e+00
   0.0000000000000000e+00
   0.0000000000000000e+00
   0.0000000000000000e+00
   0.0000000000000000e+00
   0.0000000000000000e+00
   0.0000000000000000e+00
   0.0000000000000000e+00
   0.0000000000000000e+00
   0.0000000000000000e+00
   0.0000000000000000e+00
   0.0000000000000000e+00
   0.0000000000000000e+00
   0.0000000000000000e+00
   0.0000000000000000e+00
   0.0000000000000000e+00
   0.0000000000000000e+00
   0.0000000000000000e+00
   0.0000000000000000e+00
   0.0000000000000000e+00
   0.0000000000000000e+00
   0.0000000000000000e+00
   0.0000000000000000e+00
   0.0000000000000000e+00
   0.0000000000000000e+00
   0.0000000000000000e+00
   0.0000000000000000e+00
   0.0000000000000000e+00
   0.0000000000000000e+00
   0.0000000000000000e+00
   0.0000000000000000e+00
   0.0000000000000000e+00
   0.0000000000000000e+00
   0.0000000000000000e+00
   0.0000000000000000e+00
   0.0000000000000000e+00
   0.0000000000000000e+00
   0.0000000000000000e+00
   0.0000000000000000e+00
   0.0000000000000000e+00
   0.0000000000000000e+00
   0.0000000000000000e+00
   0.0000000000000000e+00
   0.0000000000000000e+00
   0.0000000000000000e+00
   0.0000000000000000e+00
   0.0000000000000000e+00
   0.0000000000000000e+00
   0.0000000000000000e+00
   0.0000000000000000e+00
   0.0000000000000000e+00
   0.0000000000000000e+00
   0.0000000000000000e+00
   0.0000000000000000e+00
   0.0000000000000000e+00
   0.0000000000000000e+00
   0.0000000000000000e+00
   0.0000000000000000e+00
   0.0000000000000000e+00
   0.0000000000000000e+00
   0.0000000000000000e+00
   0.0000000000000000e+00
   0.0000000000000000e+00
   0.0000000000000000e+00
   0.0000000000000000e+00
   0.0000000000000000e+00
   0.0000000000000000e+00
   0.0000000000000000e+00
   0.0000000000000000e+00
   0.0000000000000000e+00
   0.0000000000000000e+00
   0.0000000000000000e+00
   0.0000000000000000e+00
   0.0000000000000000e+00
   0.0000000000000000e+00
   0.0000000000000000e+00
   0.0000000000000000e+00
   0.0000000000000000e+00
   0.0000000000000000e+00
   0.0000000000000000e+00
   0.0000000000000000e+00
   0.0000000000000000e+00
   0.0000000000000000e+00
   0.0000000000000000e+00
   0.0000000000000000e+00
   0.0000000000000000e+00
   0.0000000000000000e+00
   0.0000000000000000e+00
   0.0000000000000000e+00
   0.0000000000000000e+00
   0.0000000000000000e+00
   0.0000000000000000e+00
   0.0000000000000000e+00
   0.0000000000000000e+00
   0.0000000000000000e+00
   0.0000000000000000e+00
   0.0000000000000000e+00
   0.0000000000000000e+00
   0.0000000000000000e+00
   0.0000000000000000e+00
   0.0000000000000000e+00
   0.0000000000000000e+00
   0.0000000000000000e+00
   0.0000000000000000e+00
   0.0000000000000000e+00
   0.0000000000000000e+00
   0.0000000000000000e+00
   0.0000000000000000e+00
   0.0000000000000000e+00
   0.0000000000000000e+00
   0.0000000000000000e+00
   0.0000000000000000e+00
   0.0000000000000000e+00
   0.0000000000000000e+00
   0.0000000000000000e+00
   0.0000000000000000e+00
   0.0000000000000000e+00
   0.0000000000000000e+00
   0.0000000000000000e+00
   0.0000000000000000e+00
   0.0000000000000000e+00
   0.0000000000000000e+00
   0.0000000000000000e+00
   0.0000000000000000e+00
   0.0000000000000000e+00
   0.0000000000000000e+00
   0.0000000000000000e+00
   0.0000000000000000e+00
   0.0000000000000000e+00
   0.0000000000000000e+00
   0.0000000000000000e+00
   0.0000000000000000e+00
   0.0000000000000000e+00
   0.0000000000000000e+00
   0.0000000000000000e+00
   0.0000000000000000e+00
   0.0000000000000000e+00
   0.0000000000000000e+00
   0.0000000000000000e+00
   0.0000000000000000e+00
   0.0000000000000000e+00
   0.0000000000000000e+00
   0.0000000000000000e+00
   0.0000000000000000e+00
   0.0000000000000000e+00
   0.0000000000000000e+00
   0.0000000000000000e+00
   0.0000000000000000e+00
   0.0000000000000000e+00
   0.0000000000000000e+00
   0.0000000000000000e+00
   0.0000000000000000e+00
   0.0000000000000000e+00
   0.0000000000000000e+00
   0.0000000000000000e+00
   0.0000000000000000e+00
   0.0000000000000000e+00
   0.0000000000000000e+00
   0.0000000000000000e+00
   0.0000000000000000e+00
   0.0000000000000000e+00
   0.0000000000000000e+00
   0.0000000000000000e+00
   0.0000000000000000e+00
   0.0000000000000000e+00
   0.0000000000000000e+00
   0.0000000000000000e+00
   0.0000000000000000e+00
   0.0000000000000000e+00
   0.0000000000000000e+00
   0.0000000000000000e+00
   0.0000000000000000e+00
   0.0000000000000000e+00
   0.0000000000000000e+00
   0.0000000000000000e+00
   0.0000000000000000e+00
   0.0000000000000000e+00
   0.0000000000000000e+00
   0.0000000000000000e+00
   0.0000000000000000e+00
   0.0000000000000000e+00
   0.0000000000000000e+00
   0.0000000000000000e+00
   0.0000000000000000e+00
   0.0000000000000000e+00
   0.0000000000000000e+00
   0.0000000000000000e+00
   0.0000000000000000e+00
   0.0000000000000000e+00
   0.0000000000000000e+00
   0.0000000000000000e+00
   0.0000000000000000e+00
   0.0000000000000000e+00
   0.0000000000000000e+00
   0.0000000000000000e+00
   0.0000000000000000e+00
   0.0000000000000000e+00
   0.0000000000000000e+00
   0.0000000000000000e+00
   0.0000000000000000e+00
   0.0000000000000000e+00
   0.0000000000000000e+00
   0.0000000000000000e+00
   0.0000000000000000e+00
   0.0000000000000000e+00
   0.0000000000000000e+00
   0.0000000000000000e+00
   0.0000000000000000e+00
   0.0000000000000000e+00
   0.0000000000000000e+00
   0.0000000000000000e+00
   0.0000000000000000e+00
   0.0000000000000000e+00
   0.0000000000000000e+00
   0.0000000000000000e+00
   0.0000000000000000e+00
   0.0000000000000000e+00
   0.0000000000000000e+00
   0.0000000000000000e+00
   0.0000000000000000e+00
   0.0000000000000000e+00
   0.0000000000000000e+00
   0.0000000000000000e+00
   0.0000000000000000e+00
   0.0000000000000000e+00
   0.0000000000000000e+00
   0.0000000000000000e+00
   0.0000000000000000e+00
   0.0000000000000000e+00
   0.0000000000000000e+00
   0.0000000000000000e+00
   0.0000000000000000e+00
   0.0000000000000000e+00
   0.0000000000000000e+00
   0.0000000000000000e+00
   0.0000000000000000e+00
   0.0000000000000000e+00
   0.0000000000000000e+00
   0.0000000000000000e+00
   0.0000000000000000e+00
   0.0000000000000000e+00
   0.0000000000000000e+00
   0.0000000000000000e+00
   0.0000000000000000e+00
   0.0000000000000000e+00
   0.0000000000000000e+00
   0.0000000000000000e+00
   0.0000000000000000e+00
   0.0000000000000000e+00
   0.0000000000000000e+00
   0.0000000000000000e+00
   0.0000000000000000e+00
   0.0000000000000000e+00
   0.0000000000000000e+00
   0.0000000000000000e+00
   0.0000000000000000e+00
   0.0000000000000000e+00
   0.0000000000000000e+00
   0.0000000000000000e+00
   0.0000000000000000e+00
   0.0000000000000000e+00
   0.0000000000000000e+00
   0.0000000000000000e+00
   0.0000000000000000e+00
   0.0000000000000000e+00
   0.0000000000000000e+00
   0.0000000000000000e+00
   0.0000000000000000e+00
   0.0000000000000000e+00
   0.0000000000000000e+00
   0.0000000000000000e+00
   0.0000000000000000e+00
   0.0000000000000000e+00
   0.0000000000000000e+00
   0.0000000000000000e+00
   0.0000000000000000e+00
   0.0000000000000000e+00
   0.0000000000000000e+00
   0.0000000000000000e+00
   0.0000000000000000e+00
   0.0000000000000000e+00
   0.0000000000000000e+00
   0.0000000000000000e+00
   0.0000000000000000e+00
   0.0000000000000000e+00
   0.0000000000000000e+00
   0.0000000000000000e+00
   0.0000000000000000e+00
   0.0000000000000000e+00
   0.0000000000000000e+00
   0.0000000000000000e+00
   0.0000000000000000e+00
   0.0000000000000000e+00
   0.0000000000000000e+00
   0.0000000000000000e+00
   0.0000000000000000e+00
   0.0000000000000000e+00
   0.0000000000000000e+00
   0.0000000000000000e+00
   0.0000000000000000e+00
   0.0000000000000000e+00
   0.0000000000000000e+00
   0.0000000000000000e+00
   0.0000000000000000e+00
   0.0000000000000000e+00
   0.0000000000000000e+00
   0.0000000000000000e+00
   0.0000000000000000e+00
   0.0000000000000000e+00
   0.0000000000000000e+00
   0.0000000000000000e+00
   0.0000000000000000e+00
   0.0000000000000000e+00
   0.0000000000000000e+00
   0.0000000000000000e+00
   0.0000000000000000e+00
   0.0000000000000000e+00
   0.0000000000000000e+00
   0.0000000000000000e+00
   0.0000000000000000e+00
   0.0000000000000000e+00
   0.0000000000000000e+00
   0.0000000000000000e+00
   0.0000000000000000e+00
   0.0000000000000000e+00
   0.0000000000000000e+00
   0.0000000000000000e+00
   0.0000000000000000e+00
   0.0000000000000000e+00
   0.0000000000000000e+00
   0.0000000000000000e+00
   0.0000000000000000e+00
   0.0000000000000000e+00
   0.0000000000000000e+00
   0.0000000000000000e+00
   0.0000000000000000e+00
   0.0000000000000000e+00
   0.0000000000000000e+00
   0.0000000000000000e+00
   0.0000000000000000e+00
   0.0000000000000000e+00
   0.0000000000000000e+00
   0.0000000000000000e+00
   0.0000000000000000e+00
   0.0000000000000000e+00
   0.0000000000000000e+00
   0.0000000000000000e+00
   0.0000000000000000e+00
   0.0000000000000000e+00
   0.0000000000000000e+00
   0.0000000000000000e+00
   0.0000000000000000e+00
   0.0000000000000000e+00
   0.0000000000000000e+00
   0.0000000000000000e+00
   0.0000000000000000e+00
   0.0000000000000000e+00
   0.0000000000000000e+00
   0.0000000000000000e+00
   0.0000000000000000e+00
   0.0000000000000000e+00
   0.0000000000000000e+00
   0.0000000000000000e+00
   0.0000000000000000e+00
   0.0000000000000000e+00
   0.0000000000000000e+00
   0.0000000000000000e+00
   0.0000000000000000e+00
   0.0000000000000000e+00
   0.0000000000000000e+00
   0.0000000000000000e+00
   0.0000000000000000e+00
   0.0000000000000000e+00
   0.0000000000000000e+00
   0.0000000000000000e+00
   0.0000000000000000e+00
   0.0000000000000000e+00
   0.0000000000000000e+00
   0.0000000000000000e+00
   0.0000000000000000e+00
   0.0000000000000000e+00
   0.0000000000000000e+00
   0.0000000000000000e+00
   0.0000000000000000e+00
   0.0000000000000000e+00
   0.0000000000000000e+00
   0.0000000000000000e+00
   0.0000000000000000e+00
   0.0000000000000000e+00
   0.0000000000000000e+00
   0.0000000000000000e+00
   0.0000000000000000e+00
   0.0000000000000000e+00
   0.0000000000000000e+00
   0.0000000000000000e+00
   0.0000000000000000e+00
   0.0000000000000000e+00
   0.0000000000000000e+00
   0.0000000000000000e+00
   0.0000000000000000e+00
   0.0000000000000000e+00
   0.0000000000000000e+00
   0.0000000000000000e+00
   0.0000000000000000e+00
   0.0000000000000000e+00
   0.0000000000000000e+00
   0.0000000000000000e+00
   0.0000000000000000e+00
   0.0000000000000000e+00
   0.0000000000000000e+00
   0.0000000000000000e+00
   0.0000000000000000e+00
   0.0000000000000000e+00
   0.0000000000000000e+00
   0.0000000000000000e+00
   0.0000000000000000e+00
   0.0000000000000000e+00
   0.0000000000000000e+00
   0.0000000000000000e+00
   0.0000000000000000e+00
   0.0000000000000000e+00
   0.0000000000000000e+00
   0.0000000000000000e+00
   0.0000000000000000e+00
   0.0000000000000000e+00
   0.0000000000000000e+00
   0.0000000000000000e+00
   0.0000000000000000e+00
   0.0000000000000000e+00
   0.0000000000000000e+00
   0.0000000000000000e+00
   0.0000000000000000e+00
   0.0000000000000000e+00
   0.0000000000000000e+00
   0.0000000000000000e+00
   0.0000000000000000e+00
   0.0000000000000000e+00
   0.0000000000000000e+00
   0.0000000000000000e+00
   0.0000000000000000e+00
   0.0000000000000000e+00
   0.0000000000000000e+00
   0.0000000000000000e+00
   0.0000000000000000e+00
   0.0000000000000000e+00
   0.0000000000000000e+00
   0.0000000000000000e+00
   0.0000000000000000e+00
   0.0000000000000000e+00
   0.0000000000000000e+00
   0.0000000000000000e+00
   0.0000000000000000e+00
   0.0000000000000000e+00
   0.0000000000000000e+00
   0.0000000000000000e+00
   0.0000000000000000e+00
   0.0000000000000000e+00
   0.0000000000000000e+00
   0.0000000000000000e+00
   0.0000000000000000e+00
   0.0000000000000000e+00
   0.0000000000000000e+00
   0.0000000000000000e+00
   0.0000000000000000e+00
   0.0000000000000000e+00
   0.0000000000000000e+00
   0.0000000000000000e+00
   0.0000000000000000e+00
   0.0000000000000000e+00
   0.0000000000000000e+00
   0.0000000000000000e+00
   0.0000000000000000e+00
   0.0000000000000000e+00
   0.0000000000000000e+00
   0.0000000000000000e+00
   0.0000000000000000e+00
   0.0000000000000000e+00
   0.0000000000000000e+00
   0.0000000000000000e+00
   0.0000000000000000e+00
   0.0000000000000000e+00
   0.0000000000000000e+00
   0.0000000000000000e+00
   0.0000000000000000e+00
   0.0000000000000000e+00
   0.0000000000000000e+00
   0.0000000000000000e+00
   0.0000000000000000e+00
   0.0000000000000000e+00
   0.0000000000000000e+00
   0.0000000000000000e+00
   0.0000000000000000e+00
   0.0000000000000000e+00
   0.0000000000000000e+00
   0.0000000000000000e+00
   0.0000000000000000e+00
   0.0000000000000000e+00
   0.0000000000000000e+00
   0.0000000000000000e+00
   0.0000000000000000e+00
   0.0000000000000000e+00
   0.0000000000000000e+00
   0.0000000000000000e+00
   0.0000000000000000e+00
   0.0000000000000000e+00
   0.0000000000000000e+00
   0.0000000000000000e+00
   0.0000000000000000e+00
   0.0000000000000000e+00
   0.0000000000000000e+00
   0.0000000000000000e+00
   0.0000000000000000e+00
   0.0000000000000000e+00
   0.0000000000000000e+00
   0.0000000000000000e+00
   0.0000000000000000e+00
   0.0000000000000000e+00
   0.0000000000000000e+00
   0.0000000000000000e+00
   0.0000000000000000e+00
   0.0000000000000000e+00
   0.0000000000000000e+00
   0.0000000000000000e+00
   0.0000000000000000e+00
   0.0000000000000000e+00
   0.0000000000000000e+00
   0.0000000000000000e+00
   0.0000000000000000e+00
   0.0000000000000000e+00
   0.0000000000000000e+00
   0.0000000000000000e+00
   0.0000000000000000e+00
   0.0000000000000000e+00
   0.0000000000000000e+00
   0.0000000000000000e+00
   0.0000000000000000e+00
   0.0000000000000000e+00
   0.0000000000000000e+00
   0.0000000000000000e+00
   0.0000000000000000e+00
   0.0000000000000000e+00
   0.0000000000000000e+00
   0.0000000000000000e+00
   0.0000000000000000e+00
   0.0000000000000000e+00
   0.0000000000000000e+00
   0.0000000000000000e+00
   0.0000000000000000e+00
   0.0000000000000000e+00
   0.0000000000000000e+00
   0.0000000000000000e+00
   0.0000000000000000e+00
   0.0000000000000000e+00
   0.0000000000000000e+00
   0.0000000000000000e+00
   0.0000000000000000e+00
   0.0000000000000000e+00
   0.0000000000000000e+00
   0.0000000000000000e+00
   0.0000000000000000e+00
   0.0000000000000000e+00
   0.0000000000000000e+00
   0.0000000000000000e+00
   0.0000000000000000e+00
   0.0000000000000000e+00
   0.0000000000000000e+00
   0.0000000000000000e+00
   0.0000000000000000e+00
   0.0000000000000000e+00
   0.0000000000000000e+00
   0.0000000000000000e+00
   0.0000000000000000e+00
   0.0000000000000000e+00
   0.0000000000000000e+00
   0.0000000000000000e+00
   0.0000000000000000e+00
   0.0000000000000000e+00
   0.0000000000000000e+00
   0.0000000000000000e+00
   0.0000000000000000e+00
   0.0000000000000000e+00
   0.0000000000000000e+00
   0.0000000000000000e+00
   0.0000000000000000e+00
   0.0000000000000000e+00
   0.0000000000000000e+00
   0.0000000000000000e+00
   0.0000000000000000e+00
   0.0000000000000000e+00
   0.0000000000000000e+00
   0.0000000000000000e+00
   0.0000000000000000e+00
   0.0000000000000000e+00
   0.0000000000000000e+00
