0.000000000000000000e+00 2.847415982566964699e-03 1.149509678080180286e-01 3.833333333333355242e-03 1.174666666666666637e-01
1.000000000000000000e+00 3.168245220587851893e-03 1.106560135434732361e-01 3.266666666666695473e-03 1.137999999999999984e-01
2.000000000000000000e+00 6.997817119962813914e-03 1.112933885427761227e-01 9.633333333333382598e-03 1.171333333333333115e-01
3.000000000000000000e+00 5.630521980933732989e-03 1.125537723342343865e-01 7.633333333333380821e-03 1.174333333333333063e-01
4.000000000000000000e+00 2.876823093468057219e-03 1.132016121793324864e-01 4.033333333333333215e-03 1.154666666666666619e-01
5.000000000000000000e+00 2.676336633866835402e-03 1.096996581580817753e-01 3.566666666666662433e-03 1.121000000000000052e-01
6.000000000000000000e+00 8.650305068480390255e-03 1.108022938992389850e-01 9.766666666666701246e-03 1.192000000000000004e-01
7.000000000000000000e+00 5.068968775248519111e-03 1.114909637594006936e-01 5.833333333333357018e-03 1.164333333333333054e-01
8.000000000000000000e+00 9.479861696131332283e-03 1.081412887538027029e-01 9.966666666666679220e-03 1.174000000000000044e-01
9.000000000000000000e+00 5.211792184822591940e-03 1.076464351476629222e-01 7.266666666666699026e-03 1.118333333333333124e-01
1.000000000000000000e+01 6.311057315889648765e-03 1.077757625813893227e-01 7.566666666666665986e-03 1.138333333333333142e-01
1.100000000000000000e+01 1.027542916108345125e-02 1.016932315020686733e-01 1.246666666666668144e-02 1.113999999999999990e-01
1.200000000000000000e+01 4.364566925187942162e-03 1.008305757198678237e-01 6.166666666666709151e-03 1.039999999999999952e-01
1.300000000000000000e+01 5.524893161360172091e-03 9.911035936436378424e-02 6.266666666666698138e-03 1.044999999999999957e-01
1.400000000000000000e+01 5.808996853540575322e-03 9.771970118660822102e-02 6.466666666666676111e-03 1.034000000000000058e-01
1.500000000000000000e+01 1.542798683489772504e-02 8.994734570847545685e-02 1.716666666666666341e-02 1.045999999999999985e-01
1.600000000000000000e+01 2.347433586801646668e-02 7.753102604764107453e-02 2.406666666666668064e-02 9.919999999999999651e-02
1.700000000000000000e+01 2.813783534278671561e-02 6.295982846228219409e-02 3.006666666666668597e-02 8.780000000000000304e-02
1.800000000000000000e+01 3.310067135942176136e-02 5.469443908357290302e-02 3.456666666666668997e-02 8.250000000000000389e-02
1.900000000000000000e+01 3.252767198009171024e-02 4.963424557030491485e-02 4.306666666666669752e-02 7.359999999999999876e-02
2.000000000000000000e+01 3.136884512449326229e-02 4.205797585872782240e-02 3.726666666666667016e-02 6.640000000000000069e-02
2.100000000000000000e+01 4.206125823658209834e-02 3.470429848496195402e-02 5.126666666666668259e-02 5.859999999999999931e-02
2.200000000000000000e+01 2.758664129207791249e-02 3.362080209235545486e-02 3.116666666666667584e-02 5.469999999999999862e-02
2.300000000000000000e+01 2.558445708715438235e-02 2.866362386952028482e-02 3.486666666666671244e-02 4.449999999999999789e-02
2.400000000000000000e+01 2.009621302081011918e-02 2.930864491351769033e-02 2.706666666666668331e-02 4.349999999999999700e-02
2.500000000000000000e+01 1.923805545729031022e-02 2.835897858997510346e-02 2.346666666666669121e-02 4.349999999999999700e-02
2.600000000000000000e+01 1.863360166771608345e-02 2.891037875919303876e-02 2.606666666666668242e-02 4.070000000000000007e-02
2.700000000000000000e+01 1.818830515590841648e-02 2.465376915064577262e-02 2.016666666666666607e-02 3.910000000000000281e-02
2.800000000000000000e+01 1.466115426712520826e-02 2.358406948203242703e-02 1.966666666666666563e-02 3.429999999999999716e-02
2.900000000000000000e+01 1.399238880407646136e-02 2.369763525473937704e-02 1.941666666666669316e-02 3.314999999999999891e-02
3.000000000000000000e+01 1.307951111896431609e-02 2.206515918818624522e-02 1.521666666666671164e-02 3.289999999999999869e-02
3.100000000000000000e+01 1.347011610112465105e-02 2.052694875036227551e-02 1.431666666666669974e-02 3.162500000000000033e-02
3.200000000000000000e+01 1.195459581546405581e-02 2.103187065701319497e-02 1.311666666666666536e-02 3.115000000000000061e-02
3.300000000000000000e+01 1.601179713740603222e-02 1.790015348514270230e-02 1.690416666666666456e-02 2.985000000000000153e-02
3.400000000000000000e+01 1.246621127733326360e-02 1.913470205978307428e-02 1.536666666666669512e-02 2.898749999999999938e-02
3.500000000000000000e+01 9.257407882039358701e-03 1.944337598750963542e-02 1.130416666666667069e-02 2.726249999999999854e-02
3.600000000000000000e+01 1.084822694166092186e-02 1.975817341422698992e-02 1.421666666666671075e-02 2.819999999999999937e-02
3.700000000000000000e+01 1.214148435575778534e-02 1.698208960014932142e-02 1.550416666666670773e-02 2.609374999999999889e-02
3.800000000000000000e+01 1.114056661002307130e-02 1.683676668008388805e-02 1.294166666666668464e-02 2.584374999999999867e-02
3.900000000000000000e+01 8.492468195938539244e-03 1.773411682998572020e-02 8.897916666666672025e-03 2.516875000000000015e-02
4.000000000000000000e+01 7.413528603742398915e-03 1.803242905771026972e-02 7.563541666666673269e-03 2.466562500000000005e-02
4.100000000000000000e+01 9.229951674900961633e-03 1.632446006516817538e-02 1.025729166666666803e-02 2.412812500000000027e-02
4.200000000000000000e+01 1.118711319939647876e-02 1.614472217278630981e-02 1.365416666666668943e-02 2.489687499999999887e-02
4.300000000000000000e+01 8.716429431572893238e-03 1.695135268193649972e-02 1.074479166666669760e-02 2.418437500000000101e-02
4.400000000000000000e+01 9.737807686846490507e-03 1.567229140149700717e-02 1.033541666666670800e-02 2.379687499999999858e-02
4.500000000000000000e+01 9.237378108749345548e-03 1.620278202234640141e-02 9.383854166666705243e-03 2.406406250000000038e-02
4.600000000000000000e+01 9.949538154895107983e-03 1.556243461789206216e-02 1.091354166666669290e-02 2.377890624999999883e-02
4.700000000000000000e+01 1.021032184940014534e-02 1.523680521147957774e-02 1.071588541666668171e-02 2.361484374999999955e-02
4.800000000000000000e+01 9.274499732204446664e-03 1.565802090535992411e-02 9.294010416666664831e-03 2.349296874999999910e-02
4.900000000000000000e+01 9.679736980441385613e-03 1.531302417589748555e-02 9.914322916666662433e-03 2.337499999999999994e-02
5.000000000000000000e+01 9.534887975808037375e-03 1.520761555076093931e-02 9.737760416666685348e-03 2.316406249999999889e-02
5.100000000000000000e+01 9.679250638906539139e-03 1.525279723481328710e-02 1.059166666666666590e-02 2.326249999999999846e-02
5.200000000000000000e+01 9.483948320360709172e-03 1.517941428788911404e-02 1.009635416666671004e-02 2.308046874999999942e-02
5.300000000000000000e+01 8.818460248630940676e-03 1.524005140641319749e-02 9.186979166666664476e-03 2.271640625000000135e-02
5.400000000000000000e+01 9.560807419344468164e-03 1.517586847173695540e-02 9.562369791666691654e-03 2.314765624999999896e-02
5.500000000000000000e+01 9.561096691697277411e-03 1.488969752451749402e-02 9.902994791666674956e-03 2.282109375000000023e-02
5.600000000000000000e+01 9.531306450570663918e-03 1.481123065901828774e-02 9.756510416666697161e-03 2.271757812499999862e-02
5.700000000000000000e+01 9.364705591588291453e-03 1.492895186696749192e-02 9.839322916666670693e-03 2.273203124999999963e-02
5.800000000000000000e+01 9.272227240994660932e-03 1.486017421366147423e-02 9.356315104166679220e-03 2.260742187499999861e-02
5.900000000000000000e+01 9.005109033987645020e-03 1.506961831526449150e-02 9.127604166666691832e-03 2.266249999999999862e-02
6.000000000000000000e+01 8.824968137194246290e-03 1.497468109152162025e-02 8.907682291666663144e-03 2.243710937500000002e-02
6.100000000000000000e+01 9.381704699426259356e-03 1.466306685825952486e-02 9.545963541666702135e-03 2.245683593749999915e-02
6.200000000000000000e+01 9.100651624309504667e-03 1.475192429010970148e-02 9.203385416666709506e-03 2.237441406250000042e-02
6.300000000000000000e+01 9.244829929612912237e-03 1.478608162796361640e-02 9.550065104166671759e-03 2.250214843750000110e-02
6.400000000000000000e+01 9.080343135340613117e-03 1.480380228152279772e-02 9.460319010416662344e-03 2.241093749999999857e-02
6.500000000000000000e+01 8.917432363231229259e-03 1.477729583740534057e-02 9.089518229166704266e-03 2.228017578125000148e-02
