ARMA_MAT_TXT_FN008
1000 1
  -2.3621625718347173e+02
  -2.3295630549269666e+02
  -2.3622883079551764e+02
  -2.3456653491433178e+02
  -2.3359540709746648e+02
  -2.3398056097789464e+02
  -2.3478260167005604e+02
  -2.3261348728549802e+02
  -2.3431317676300014e+02
  -2.3393779481936005e+02
  -2.3342881031029839e+02
  -2.3410530801375361e+02
  -2.3163809498958537e+02
  -2.3194577170605143e+02
  -2.3058781269177157e+02
  -2.2989392993386286e+02
  -2.3157233229351198e+02
  -2.3163370269383293e+02
  -2.3141237923518730e+02
  -2.3148814227897728e+02
  -2.3068295745769714e+02
  -2.2889074072883173e+02
  -2.2898786824420162e+02
  -2.2997582872605352e+02
  -2.2905142703327479e+02
  -2.3003002431497433e+02
  -2.2727539975447056e+02
  -2.2811285313446376e+02
  -2.2793295178327713e+02
  -2.2732723618928057e+02
  -2.2852971576940934e+02
  -2.2719956563188259e+02
  -2.2699221370095813e+02
  -2.2689633236062497e+02
  -2.2697468853731340e+02
  -2.2655224176796855e+02
  -2.2738849170741764e+02
  -2.2807587924937337e+02
  -2.2582341055285562e+02
  -2.2500523058839360e+02
  -2.2761568949980128e+02
  -2.2648870171892239e+02
  -2.2395165829566869e+02
  -2.2778714823522779e+02
  -2.2490102381852503e+02
  -2.2603948597801741e+02
  -2.2468090336329095e+02
  -2.2483807131386692e+02
  -2.2441573208286223e+02
  -2.2339438429121387e+02
  -2.2364876310075357e+02
  -2.2241633472194752e+02
  -2.2192338491899000e+02
  -2.2227679812488574e+02
  -2.2423297343363686e+02
  -2.2334818442465385e+02
  -2.2150227964829455e+02
  -2.2134770580334941e+02
  -2.2205440125099099e+02
  -2.2118572652438547e+02
  -2.2128502903142757e+02
  -2.2146570799030522e+02
  -2.1955641213793925e+02
  -2.2086244653901113e+02
  -2.1971270359480721e+02
  -2.1927783776738175e+02
  -2.1861715190048290e+02
  -2.2052644092549107e+02
  -2.2053159444109315e+02
  -2.2108970821291192e+02
  -2.2036722041300112e+02
  -2.1857436361887792e+02
  -2.2128636283606841e+02
  -2.1788412047247829e+02
  -2.1984934415386414e+02
  -2.1923638890470622e+02
  -2.1850053482211698e+02
  -2.1669343487140631e+02
  -2.1797536853332878e+02
  -2.1717050014067846e+02
  -2.1900522569390861e+02
  -2.1789753482945247e+02
  -2.1677382580162509e+02
  -2.1741341868570828e+02
  -2.1687754141857732e+02
  -2.1676848271433965e+02
  -2.1595201503158611e+02
  -2.1418941801883994e+02
  -2.1591429054391492e+02
  -2.1610188231422168e+02
  -2.1439497461303398e+02
  -2.1434389751469217e+02
  -2.1544935309426006e+02
  -2.1590061172805503e+02
  -2.1482064606855721e+02
  -2.1487236407782393e+02
  -2.1328161425729263e+02
  -2.1487192443909331e+02
  -2.1394687505376305e+02
  -2.1457763350583460e+02
  -2.1347336059524142e+02
  -2.1373413391922875e+02
  -2.1255795529212094e+02
  -2.1449621084650229e+02
  -2.1342164856676669e+02
  -2.1279981619592385e+02
  -2.1289470636314658e+02
  -2.1264442034338856e+02
  -2.1078931365408380e+02
  -2.1374955389757827e+02
  -2.1266807779762786e+02
  -2.0908496283824459e+02
  -2.1151371669063414e+02
  -2.1110173702731788e+02
  -2.1068283915447330e+02
  -2.0880302782712374e+02
  -2.1042325740514727e+02
  -2.1119339871476583e+02
  -2.1060092389975728e+02
  -2.1060982695675085e+02
  -2.0855899914565941e+02
  -2.1145415592984577e+02
  -2.0947567827838631e+02
  -2.0877019695783321e+02
  -2.0953420285353636e+02
  -2.1044106278224970e+02
  -2.0947930979492804e+02
  -2.0626888149447004e+02
  -2.0762925403591373e+02
  -2.0887129714109673e+02
  -2.0823820555904720e+02
  -2.0722094647191980e+02
  -2.0879906570498585e+02
  -2.0791226932245925e+02
  -2.0625575588300384e+02
  -2.0712153052872927e+02
  -2.0959692213690411e+02
  -2.0674689478064460e+02
  -2.0711535999856793e+02
  -2.0615072974334322e+02
  -2.0481025609143131e+02
  -2.0738650632043368e+02
  -2.0583969335069017e+02
  -2.0636217899411446e+02
  -2.0607543607295878e+02
  -2.0652919964600167e+02
  -2.0866292699835589e+02
  -2.0683181463220285e+02
  -2.0616544016829917e+02
  -2.0495374051960175e+02
  -2.0583817993955859e+02
  -2.0516492776553682e+02
  -2.0366206902460473e+02
  -2.0447437076091870e+02
  -2.0514911229384384e+02
  -2.0574342346116055e+02
  -2.0486536683174634e+02
  -2.0349508232665499e+02
  -2.0445299667241787e+02
  -2.0388965822029712e+02
  -2.0388550197786981e+02
  -2.0250934895320563e+02
  -2.0265575367438873e+02
  -2.0191964220828001e+02
  -2.0160998577172427e+02
  -2.0361636038140784e+02
  -2.0252838235804930e+02
  -2.0270219096728235e+02
  -2.0261945520848718e+02
  -2.0427456946059834e+02
  -2.0084920153369973e+02
  -2.0253279320365422e+02
  -2.0328594346715994e+02
  -2.0046636104191725e+02
  -2.0327636680201741e+02
  -2.0007567901467272e+02
  -2.0173600543583942e+02
  -2.0069471300497025e+02
  -2.0118645106920741e+02
  -1.9875124708976051e+02
  -1.9987921834797078e+02
  -1.9940221333799698e+02
  -1.9889756545356173e+02
  -1.9990480101892075e+02
  -1.9984335779414835e+02
  -1.9927712446651526e+02
  -1.9902515483120433e+02
  -2.0074673187088325e+02
  -2.0050640826221093e+02
  -2.0170909194446764e+02
  -1.9895346992720192e+02
  -2.0109687759384514e+02
  -1.9724957376558805e+02
  -2.0051585474787947e+02
  -1.9798047495813339e+02
  -1.9454970826940720e+02
  -1.9739642948891972e+02
  -2.0022853107819213e+02
  -1.9856772104881051e+02
  -1.9770699300071109e+02
  -1.9693745526233974e+02
  -1.9756286455641057e+02
  -1.9634310984557899e+02
  -1.9332753025843652e+02
  -1.9653214762577386e+02
  -1.9593664529541266e+02
  -1.9705845583603300e+02
  -1.9582002633122292e+02
  -1.9875182911193923e+02
  -1.9649281937414008e+02
  -1.9681347463107204e+02
  -1.9727277872890051e+02
  -1.9816256297328115e+02
  -1.9573933032218798e+02
  -1.9368607605269645e+02
  -1.9477049319089849e+02
  -1.9584432843264966e+02
  -1.9390063459280555e+02
  -1.9346448678410945e+02
  -1.9675613200689907e+02
  -1.9568105285785151e+02
  -1.9399901535953981e+02
  -1.9336156856174398e+02
  -1.9460408588564891e+02
  -1.9354858262054401e+02
  -1.9377645113622395e+02
  -1.9335141807627107e+02
  -1.9154847394951813e+02
  -1.9127802922663173e+02
  -1.9460296048631579e+02
  -1.9484337662514073e+02
  -1.9296869683022302e+02
  -1.9512530152851389e+02
  -1.9305086046589454e+02
  -1.9396688683434616e+02
  -1.9264902989647993e+02
  -1.9037030284590045e+02
  -1.9364390241359771e+02
  -1.9299265971290060e+02
  -1.9129456192477039e+02
  -1.9314576926720542e+02
  -1.9086822483351739e+02
  -1.9108738961438755e+02
  -1.9353225104533678e+02
  -1.9094258350178936e+02
  -1.8915171566942587e+02
  -1.9138464924797103e+02
  -1.9087393282069087e+02
  -1.9059158412490896e+02
  -1.8854121157291658e+02
  -1.9173826536568245e+02
  -1.9110878124551417e+02
  -1.9028091560174536e+02
  -1.8860902477967159e+02
  -1.9116813672434105e+02
  -1.9125935123254715e+02
  -1.8835888541343724e+02
  -1.8896543222445146e+02
  -1.8887305277617688e+02
  -1.8887032491698287e+02
  -1.8989619879799014e+02
  -1.8885710257222951e+02
  -1.8900078476113654e+02
  -1.8902756868247849e+02
  -1.8902740593201906e+02
  -1.8894518066846646e+02
  -1.8855573154824626e+02
  -1.8892389886877106e+02
  -1.8737101912849079e+02
  -1.8572394641967847e+02
  -1.8852793610428827e+02
  -1.8701364780541877e+02
  -1.8751920457268440e+02
  -1.8676307704569496e+02
  -1.8552756638251680e+02
  -1.8662917414005210e+02
  -1.8747424614835356e+02
  -1.8754330937837463e+02
  -1.8611251738456568e+02
  -1.8746772544768737e+02
  -1.8871353258635014e+02
  -1.8501298153021438e+02
  -1.8448078769798150e+02
  -1.8522226292135210e+02
  -1.8750795608585986e+02
  -1.8604658320912668e+02
  -1.8456915935984696e+02
  -1.8533296346915671e+02
  -1.8649877624768470e+02
  -1.8319929850316382e+02
  -1.8406762041671499e+02
  -1.8446477994653659e+02
  -1.8383221497142117e+02
  -1.8390602773770027e+02
  -1.8327906592199309e+02
  -1.8399050822744812e+02
  -1.8301047233931573e+02
  -1.8443935232799944e+02
  -1.8628303019083742e+02
  -1.8541831583778918e+02
  -1.8475201254554167e+02
  -1.8407408734847760e+02
  -1.8700743014616623e+02
  -1.8354862874693615e+02
  -1.8397060684999221e+02
  -1.8298664610234948e+02
  -1.8413747129519564e+02
  -1.8185499620413367e+02
  -1.8356206782823708e+02
  -1.8441722159323061e+02
  -1.8115935485901886e+02
  -1.8281082001324393e+02
  -1.8254278466649970e+02
  -1.8346826027646108e+02
  -1.8478220414311994e+02
  -1.8138358833487723e+02
  -1.8277423441518403e+02
  -1.8153063815728808e+02
  -1.8249802055684066e+02
  -1.8216483993659415e+02
  -1.8144765291924665e+02
  -1.8118340583526006e+02
  -1.8137198781872002e+02
  -1.8256347086886458e+02
  -1.7884644248873974e+02
  -1.7951196090378920e+02
  -1.8154206193914655e+02
  -1.8056140029893942e+02
  -1.8156449556006018e+02
  -1.7883445901582087e+02
  -1.7987426217994749e+02
  -1.7907459423574210e+02
  -1.8114915088576751e+02
  -1.8186785116555157e+02
  -1.7995220184355711e+02
  -1.7878492945960454e+02
  -1.8069012709958690e+02
  -1.8097314645660387e+02
  -1.7992670637875773e+02
  -1.7824946001435654e+02
  -1.7828041671266556e+02
  -1.8036968956643179e+02
  -1.7830467086472223e+02
  -1.7981198438315698e+02
  -1.7899751416032723e+02
  -1.7912652560976423e+02
  -1.7780146865564598e+02
  -1.7675702146127648e+02
  -1.7746359704996073e+02
  -1.7551607338051966e+02
  -1.7704391748342411e+02
  -1.7609449403458163e+02
  -1.7728842140198651e+02
  -1.7877512588654679e+02
  -1.7625646114768313e+02
  -1.7868712799571750e+02
  -1.7882983682965349e+02
  -1.8009286811878948e+02
  -1.7766547154290700e+02
  -1.7814359811971377e+02
  -1.7620626943478095e+02
  -1.7531802373373870e+02
  -1.7619064240060777e+02
  -1.7364734855524412e+02
  -1.7634957586080219e+02
  -1.7760201439884841e+02
  -1.7700952281830334e+02
  -1.7958167906246658e+02
  -1.7640117634670432e+02
  -1.7579120756219686e+02
  -1.7671948784177215e+02
  -1.7566712238876835e+02
  -1.7486575063564763e+02
  -1.7421179482329688e+02
  -1.7494131736424265e+02
  -1.7400859365953298e+02
  -1.7353143752045582e+02
  -1.7579247434702373e+02
  -1.7673060274286266e+02
  -1.7553856111599725e+02
  -1.7340369505697683e+02
  -1.7382858883432522e+02
  -1.7258042001434748e+02
  -1.7482436210033401e+02
  -1.7413231778431316e+02
  -1.7790325396180560e+02
  -1.7393020847420419e+02
  -1.7544986682276934e+02
  -1.7090044845770785e+02
  -1.7382407411051392e+02
  -1.7223020249369841e+02
  -1.7167342527896454e+02
  -1.7173680173189047e+02
  -1.7502808429883049e+02
  -1.7526275507695576e+02
  -1.7548464794502965e+02
  -1.7185690645383983e+02
  -1.7263762523025719e+02
  -1.7201766873435074e+02
  -1.7183534315125667e+02
  -1.7280709761274244e+02
  -1.7375518896813213e+02
  -1.7079933229960838e+02
  -1.7207851092972294e+02
  -1.7296092304415231e+02
  -1.7527581261683352e+02
  -1.7341103445731773e+02
  -1.7396217098365443e+02
  -1.7162362417519114e+02
  -1.7193335152928623e+02
  -1.7045084650972575e+02
  -1.7350290959070665e+02
  -1.7085935086332287e+02
  -1.7496164469705118e+02
  -1.7327853656415607e+02
  -1.7354475161318601e+02
  -1.7221713959086998e+02
  -1.6957716934451386e+02
  -1.6977122011595219e+02
  -1.7089024526140554e+02
  -1.7093369100861102e+02
  -1.7149074920903155e+02
  -1.7107091449011639e+02
  -1.7028665798492912e+02
  -1.7260093907307729e+02
  -1.6951716642962737e+02
  -1.6948913257291096e+02
  -1.7060525981953040e+02
  -1.7097753087750499e+02
  -1.6962369890198434e+02
  -1.6612130773834323e+02
  -1.6634093232376028e+02
  -1.7066776496129253e+02
  -1.6870294589241081e+02
  -1.6886263961785241e+02
  -1.6810282899838333e+02
  -1.7024287374899106e+02
  -1.7023558658405733e+02
  -1.6872309323866682e+02
  -1.6714512697771994e+02
  -1.7032427448517586e+02
  -1.6871972010149736e+02
  -1.6457928293548699e+02
  -1.7026821201044086e+02
  -1.7314474389178400e+02
  -1.6555179875450094e+02
  -1.6983553662076415e+02
  -1.6894941639843591e+02
  -1.6900673011712749e+02
  -1.6598590794413931e+02
  -1.7019328899078621e+02
  -1.6821233890818797e+02
  -1.6966333602232291e+02
  -1.6631646240114679e+02
  -1.6590675496542559e+02
  -1.6889737272308992e+02
  -1.6702688834077364e+02
  -1.6635933182996732e+02
  -1.6525193039384038e+02
  -1.6858664518719144e+02
  -1.6790112351345888e+02
  -1.6549931916000276e+02
  -1.6752946135601820e+02
  -1.6593543287564668e+02
  -1.6867749868454354e+02
  -1.6839096301707281e+02
  -1.6590834929125083e+02
  -1.6723233716323512e+02
  -1.6576908124097488e+02
  -1.6637975427983261e+02
  -1.6620653174777732e+02
  -1.6586554551122575e+02
  -1.6441866948928197e+02
  -1.6677506051142811e+02
  -1.6548993882190308e+02
  -1.6526140454585294e+02
  -1.6543070344550213e+02
  -1.6400791830966071e+02
  -1.6569284837687084e+02
  -1.6602926817141960e+02
  -1.6636749429725495e+02
  -1.6513881139323826e+02
  -1.6562820025346792e+02
  -1.6497387581348485e+02
  -1.6473997140617539e+02
  -1.6598893683033020e+02
  -1.6297271023137452e+02
  -1.6392968593906633e+02
  -1.6531534622255899e+02
  -1.6344507339891197e+02
  -1.6663081637652942e+02
  -1.6253035946768935e+02
  -1.6598785859433286e+02
  -1.6422499494921240e+02
  -1.6378621946522841e+02
  -1.6158214634555949e+02
  -1.6207020704250522e+02
  -1.6258632278232804e+02
  -1.6293894955745003e+02
  -1.6346025547488540e+02
  -1.6286648932391324e+02
  -1.6266710349212386e+02
  -1.6304704280116951e+02
  -1.6377362177914878e+02
  -1.5936085205673672e+02
  -1.6352566889413757e+02
  -1.6241425991609458e+02
  -1.6194577802101534e+02
  -1.6019409090414644e+02
  -1.5956860853978836e+02
  -1.6141002810620827e+02
  -1.6245526518138891e+02
  -1.6095557804580176e+02
  -1.6213346219231175e+02
  -1.5988641358933305e+02
  -1.6156030005331272e+02
  -1.6321495922707484e+02
  -1.6185772185235635e+02
  -1.5831706437594642e+02
  -1.6309437214902141e+02
  -1.6156135237476414e+02
  -1.6127707430370546e+02
  -1.6104226323909793e+02
  -1.6279510020458500e+02
  -1.6354264336981257e+02
  -1.6282680272586478e+02
  -1.6060380345153675e+02
  -1.5738351680300912e+02
  -1.6307620932050943e+02
  -1.6052930134866975e+02
  -1.5992686160317689e+02
  -1.6018091800999974e+02
  -1.6082788659077019e+02
  -1.6150947996376200e+02
  -1.5818810768059734e+02
  -1.6071991867495205e+02
  -1.6156725114270381e+02
  -1.6072956980054704e+02
  -1.5517176921314135e+02
  -1.5789266186917231e+02
  -1.5968649970687540e+02
  -1.6159683543814691e+02
  -1.5829306755978297e+02
  -1.5837129023840626e+02
  -1.5915417258533628e+02
  -1.5837651812600890e+02
  -1.6234041856414791e+02
  -1.5949172390766606e+02
  -1.6063415452555483e+02
  -1.5881098609948756e+02
  -1.5852281827890420e+02
  -1.5846277665626988e+02
  -1.5989188291507210e+02
  -1.6139197530205143e+02
  -1.5839671800607022e+02
  -1.5642156721649863e+02
  -1.5772890050632202e+02
  -1.5966378769802299e+02
  -1.5672289564050561e+02
  -1.5688506850120501e+02
  -1.5781034163384595e+02
  -1.5936323182661096e+02
  -1.5759590711719866e+02
  -1.6069508567886265e+02
  -1.5899136093411329e+02
  -1.5834494143803528e+02
  -1.6057246603631484e+02
  -1.5624818862411902e+02
  -1.5789912033001676e+02
  -1.5728893852194599e+02
  -1.5801031916643112e+02
  -1.5809560982541848e+02
  -1.5775265797429699e+02
  -1.5544748903581535e+02
  -1.5843584829419368e+02
  -1.5856835973511906e+02
  -1.5701135854503073e+02
  -1.5558040800138073e+02
  -1.5941023117830795e+02
  -1.5739797740642359e+02
  -1.5532338106954236e+02
  -1.5732639301788240e+02
  -1.5569801724256544e+02
  -1.5491099853131124e+02
  -1.5729086620526590e+02
  -1.5696884453059951e+02
  -1.5527735612396043e+02
  -1.5583380979140026e+02
  -1.5672600794669472e+02
  -1.5508340468122100e+02
  -1.5463770094771479e+02
  -1.5682864071561272e+02
  -1.5796289758343596e+02
  -1.5618497773951751e+02
  -1.5543944476492644e+02
  -1.5391134639996463e+02
  -1.5425793895827914e+02
  -1.5242790736646052e+02
  -1.5840710164583817e+02
  -1.5720852603131453e+02
  -1.5916591185542595e+02
  -1.5692856743225298e+02
  -1.5559455664330292e+02
  -1.5713858638071417e+02
  -1.5785843774409375e+02
  -1.5790374292813806e+02
  -1.5815697175543579e+02
  -1.5189826565292228e+02
  -1.5399506499227985e+02
  -1.5700509968131945e+02
  -1.5545023404907275e+02
  -1.5487860166234523e+02
  -1.5369184404522238e+02
  -1.5351740352725878e+02
  -1.5501216001616493e+02
  -1.5432105160129510e+02
  -1.5340426382038027e+02
  -1.5363689290300016e+02
  -1.5348319193063759e+02
  -1.5326214413842567e+02
  -1.5385773820749404e+02
  -1.5261099469756866e+02
  -1.5527765671177679e+02
  -1.5363510563281127e+02
  -1.5473628130187106e+02
  -1.5375430746060195e+02
  -1.5384774244821199e+02
  -1.5623306260912375e+02
  -1.5333706966205668e+02
  -1.5166098499666290e+02
  -1.5348640363132048e+02
  -1.5591033144027506e+02
  -1.5453582345411425e+02
  -1.5349873734054611e+02
  -1.5206947077334269e+02
  -1.5216668108832738e+02
  -1.5033555010856989e+02
  -1.5373704693922792e+02
  -1.5387216617674716e+02
  -1.5127274195106057e+02
  -1.5206634802226043e+02
  -1.5281346380564170e+02
  -1.4939312041393484e+02
  -1.5331510973047347e+02
  -1.5034935820551522e+02
  -1.5197588409884003e+02
  -1.5065344730642732e+02
  -1.5025759164338203e+02
  -1.5211974863854775e+02
  -1.4965993585561904e+02
  -1.5159282200930491e+02
  -1.5372371194788528e+02
  -1.5542439367718154e+02
  -1.5160892488042259e+02
  -1.5202690526294350e+02
  -1.4939963369317695e+02
  -1.5022701765715331e+02
  -1.5133716514222775e+02
  -1.5451147890604398e+02
  -1.5260010023443795e+02
  -1.4866611620271215e+02
  -1.4917793947319612e+02
  -1.5102223255079542e+02
  -1.5021265062165543e+02
  -1.5010394370415008e+02
  -1.4856148383519715e+02
  -1.5064262034330611e+02
  -1.5163644980295632e+02
  -1.5082383932519082e+02
  -1.5011788491991169e+02
  -1.4974259824005159e+02
  -1.5066101149508356e+02
  -1.5049648742754630e+02
  -1.4951344058531012e+02
  -1.5168742516865058e+02
  -1.5008390498373447e+02
  -1.5118620027076705e+02
  -1.5265169014843798e+02
  -1.4866570954185366e+02
  -1.4878508278569109e+02
  -1.4776568060669021e+02
  -1.4952496960230889e+02
  -1.5188594171643209e+02
  -1.5099782169983698e+02
  -1.4836003302312696e+02
  -1.4988159207859152e+02
  -1.4886006043236293e+02
  -1.5194102550961807e+02
  -1.4756316022828284e+02
  -1.4873220449654002e+02
  -1.4969675890288420e+02
  -1.5171086232198255e+02
  -1.4918173063261440e+02
  -1.4772702436072339e+02
  -1.4734689901858604e+02
  -1.4747480469402743e+02
  -1.4681174667015142e+02
  -1.4995428614921047e+02
  -1.4764792906916787e+02
  -1.5007452432332357e+02
  -1.4631031325793120e+02
  -1.4907196629358097e+02
  -1.5166860218778777e+02
  -1.4924405792432947e+02
  -1.5322525415592000e+02
  -1.4798553618033648e+02
  -1.4820453327143309e+02
  -1.4627035035911413e+02
  -1.4682001904036565e+02
  -1.4706654867427631e+02
  -1.4688245899424592e+02
  -1.4670896298132627e+02
  -1.4930561384389608e+02
  -1.4967256627239539e+02
  -1.4808192609018371e+02
  -1.4774933306504772e+02
  -1.4868097656067525e+02
  -1.4665019731071655e+02
  -1.4960499598943215e+02
  -1.4564133873531273e+02
  -1.4532169683469237e+02
  -1.4665148181350429e+02
  -1.4759669965887269e+02
  -1.4734825821775826e+02
  -1.4663149362386571e+02
  -1.4762117496523786e+02
  -1.4712731232002977e+02
  -1.4659623506799960e+02
  -1.4576600333837612e+02
  -1.4822600976444502e+02
  -1.4873439455180883e+02
  -1.4600617810293224e+02
  -1.4468433786104035e+02
  -1.4671121797414415e+02
  -1.4882165140554034e+02
  -1.4345076910594929e+02
  -1.4249864273583506e+02
  -1.4626928896794752e+02
  -1.4747563995383666e+02
  -1.4557517086581421e+02
  -1.4791311789631408e+02
  -1.4582354132574687e+02
  -1.4287905882496102e+02
  -1.4994404170583940e+02
  -1.4676334561753109e+02
  -1.4477314100616832e+02
  -1.4621961770054392e+02
  -1.4573228292660761e+02
  -1.4790981293626223e+02
  -1.4510715413108815e+02
  -1.4597600915665859e+02
  -1.4375149146067801e+02
  -1.4675144681140182e+02
  -1.4211726546699933e+02
  -1.4705443545049863e+02
  -1.4638442940154653e+02
  -1.4881680121466817e+02
  -1.4802109298657328e+02
  -1.4517087751523783e+02
  -1.4540020708548249e+02
  -1.4550653670050991e+02
  -1.4367104656159538e+02
  -1.4410249146791455e+02
  -1.4467327957163425e+02
  -1.4450228433188039e+02
  -1.4349080243596569e+02
  -1.4237860083358001e+02
  -1.4506259736382864e+02
  -1.4105305691719229e+02
  -1.4493846470825537e+02
  -1.4505068180525743e+02
  -1.4888689309253544e+02
  -1.4342282355844458e+02
  -1.3879901535029438e+02
  -1.4759984902029322e+02
  -1.4397068655884260e+02
  -1.4765002135670710e+02
  -1.4365471520699336e+02
  -1.4431477505077959e+02
  -1.4228746606602550e+02
  -1.4124237517229133e+02
  -1.4156377154725453e+02
  -1.4771161624881202e+02
  -1.4438200653048958e+02
  -1.4441808090744041e+02
  -1.4234248434422864e+02
  -1.4537804988366878e+02
  -1.4400595487189111e+02
  -1.4350993013560569e+02
  -1.4590181413210468e+02
  -1.4257514410179689e+02
  -1.4228922666334014e+02
  -1.4475037484538277e+02
  -1.4244506890475384e+02
  -1.4352974486955418e+02
  -1.4136824608975553e+02
  -1.4126267828695114e+02
  -1.4262923257584404e+02
  -1.4419815778522405e+02
  -1.4219430515392591e+02
  -1.4702641912335625e+02
  -1.3930644685902999e+02
  -1.4090973031189253e+02
  -1.3761173899832013e+02
  -1.4412405835071212e+02
  -1.4381919550090845e+02
  -1.4230063448350145e+02
  -1.4422302100186448e+02
  -1.4133018834732334e+02
  -1.4354235130035687e+02
  -1.4240469078814957e+02
  -1.4285989207040029e+02
  -1.3997185400969838e+02
  -1.4383768811600638e+02
  -1.4019960203370289e+02
  -1.4285836367546406e+02
  -1.4128081703643201e+02
  -1.3969994894702637e+02
  -1.4049695237561519e+02
  -1.4053949052812817e+02
  -1.3972917563238582e+02
  -1.4148361292398371e+02
  -1.3824886752166321e+02
  -1.4376997633107607e+02
  -1.4095184586267632e+02
  -1.4185871014844935e+02
  -1.4092470454092637e+02
  -1.3899118081738476e+02
  -1.4265447131586075e+02
  -1.4386607799859689e+02
  -1.4037633606696068e+02
  -1.3913025484057763e+02
  -1.4341143877199477e+02
  -1.4048781229016683e+02
  -1.3936384276408612e+02
  -1.4521130799186457e+02
  -1.4283356136642692e+02
  -1.4230519225568565e+02
  -1.4160910584600978e+02
  -1.4063880378843055e+02
  -1.4055544788166782e+02
  -1.3979890267039931e+02
  -1.3884159244254084e+02
  -1.4127533015609188e+02
  -1.4344287326415738e+02
  -1.4334591169247838e+02
  -1.4290995266584355e+02
  -1.4314129758403200e+02
  -1.4220139007192654e+02
  -1.3985576873198721e+02
  -1.4111609928509742e+02
  -1.3992659004855147e+02
  -1.4016653317955459e+02
  -1.4237414617008449e+02
  -1.3927372180360260e+02
  -1.3972589113426773e+02
  -1.4047289378517505e+02
  -1.4121445590474931e+02
  -1.3522407451765494e+02
  -1.3985251716352462e+02
  -1.4059469475363616e+02
  -1.4340902113876086e+02
  -1.3676592597920472e+02
  -1.4248574014273359e+02
  -1.3760848508733730e+02
  -1.4208717530399898e+02
  -1.3766526330274138e+02
  -1.3890775808204501e+02
  -1.3599974509790647e+02
  -1.3895830398673826e+02
  -1.3999049944199422e+02
  -1.3835889413359430e+02
  -1.3616322052343779e+02
  -1.4357870407634090e+02
  -1.3768846361401478e+02
  -1.4217355284766140e+02
  -1.3891557992656939e+02
  -1.3959999764440522e+02
  -1.3619839142852820e+02
  -1.3889212180278102e+02
  -1.3676205479481382e+02
  -1.4100271236130294e+02
  -1.4133169865748204e+02
  -1.3668077513601972e+02
  -1.4011842402382601e+02
  -1.3792639472765975e+02
  -1.3685007419101518e+02
  -1.4054100603031603e+02
  -1.3971971703387570e+02
  -1.3790591444250663e+02
  -1.3701693213658879e+02
  -1.3698849038886817e+02
  -1.3728037091875439e+02
  -1.3697229276984825e+02
  -1.3551854058854281e+02
  -1.3953403640090448e+02
  -1.3579537056463798e+02
  -1.3776217068532461e+02
  -1.3734676443902549e+02
  -1.3408493609693576e+02
  -1.3651450480450671e+02
  -1.3818571636303221e+02
  -1.3696872689666588e+02
  -1.4028250174828122e+02
  -1.3856267617286014e+02
  -1.4013943473849659e+02
  -1.3669205783760086e+02
  -1.3577322416066306e+02
  -1.3328499522914930e+02
  -1.3444011792097325e+02
  -1.3894435007452765e+02
  -1.3872989612908535e+02
  -1.3677381311454548e+02
  -1.3710264862768665e+02
  -1.3532372138706154e+02
  -1.3772614217333199e+02
  -1.3868472514660266e+02
  -1.3931754528544820e+02
  -1.3960446108018127e+02
  -1.3839300365053512e+02
  -1.3569551188314651e+02
  -1.3350641318837822e+02
  -1.3475013344010159e+02
  -1.3771217183205025e+02
  -1.3509185957723591e+02
  -1.3694971452680812e+02
  -1.3762181316863078e+02
  -1.3863125949974213e+02
  -1.3662616155473211e+02
  -1.3917554318021860e+02
  -1.3416144531018006e+02
  -1.3550242598578419e+02
  -1.3369741138080408e+02
  -1.3857835572532790e+02
  -1.3762172838495999e+02
  -1.3661010211206064e+02
  -1.3503297147927049e+02
  -1.3755095822780089e+02
  -1.3906498506767133e+02
  -1.3690454561944128e+02
  -1.3732588408491091e+02
  -1.3599693794052678e+02
  -1.3853047010309049e+02
  -1.3629258981486589e+02
  -1.3508378981604724e+02
  -1.3437596293087731e+02
  -1.3680726369551812e+02
  -1.3744721321229093e+02
  -1.3857632405485120e+02
  -1.3706718492295056e+02
  -1.3409105664991594e+02
  -1.3973605453384965e+02
  -1.3377411674798466e+02
  -1.3392080055422571e+02
  -1.3577751107866234e+02
  -1.3613889535315826e+02
  -1.3487516193684186e+02
  -1.3526390709894022e+02
  -1.3407110585557453e+02
  -1.3729057014319815e+02
  -1.3246415829080405e+02
  -1.3679972002259893e+02
  -1.3888363842002030e+02
  -1.3824022966234136e+02
  -1.3474612246133282e+02
  -1.3233474346898163e+02
  -1.3466655621441413e+02
  -1.3428675624819184e+02
  -1.3372517795080660e+02
  -1.3352455652191887e+02
  -1.3636542358663849e+02
  -1.3708866556040894e+02
  -1.3283574746572401e+02
  -1.3450006388928637e+02
  -1.3186814391904366e+02
  -1.3352027012528978e+02
  -1.3317089679201840e+02
  -1.3339528988352114e+02
  -1.3535855001700136e+02
  -1.3602320521901754e+02
  -1.3306320611271903e+02
  -1.3315431678394046e+02
  -1.3567701920692517e+02
  -1.3046305814967826e+02
  -1.2873265575355569e+02
  -1.3494083317992659e+02
  -1.3700022667390647e+02
  -1.3243001229325057e+02
  -1.3624214666607054e+02
  -1.3981815872666371e+02
  -1.3335798964218705e+02
  -1.3536763277547934e+02
  -1.3361662109086902e+02
  -1.3237963093801793e+02
  -1.3266029237812194e+02
  -1.3729589033049186e+02
  -1.3021522467755597e+02
  -1.3423057145916999e+02
  -1.3369665222150081e+02
  -1.3217017154568899e+02
