ARMA_MAT_TXT_FN008
1000 1
  -2.2453109743387048e-01
  -2.4175581723658812e-01
  -2.2676089850788042e-01
  -2.4156950333889132e-01
  -2.2453405296539200e-01
  -2.3322201953683874e-01
  -2.3539588395766756e-01
  -2.1441135362494501e-01
  -2.4176214832787379e-01
  -2.3439997506047455e-01
  -2.5331568317600217e-01
  -2.4336657216404797e-01
  -2.1531011026199143e-01
  -2.3589635892501065e-01
  -2.4110129274456518e-01
  -2.4534178879423013e-01
  -2.4455204434535074e-01
  -2.3111899060633068e-01
  -2.3747514943003153e-01
  -2.4101421160479181e-01
  -2.3644192607443096e-01
  -2.4208509270819450e-01
  -2.3283218278269202e-01
  -2.2636256396934148e-01
  -2.4046061662445870e-01
  -2.3891132828912515e-01
  -2.3295122279511626e-01
  -2.4423735653992537e-01
  -2.6002286359505711e-01
  -2.5177316536219019e-01
  -2.3019003776791785e-01
  -2.3883340434257244e-01
  -2.2332902897180767e-01
  -2.4458376870261303e-01
  -2.2090065900009212e-01
  -2.2266743786165838e-01
  -2.1419808684590905e-01
  -2.2485034729156564e-01
  -2.2948803284653052e-01
  -2.4875257873148812e-01
  -2.0998181695859308e-01
  -2.4688917486449566e-01
  -2.3098355503140447e-01
  -2.3320289002618699e-01
  -2.6021301697070637e-01
  -2.5267064595997990e-01
  -2.4532604710425870e-01
  -2.4903691877700751e-01
  -2.3577390667970480e-01
  -2.4830814102625665e-01
  -2.3840433992488883e-01
  -2.6157715368963430e-01
  -2.5369524150089839e-01
  -2.4410138438774495e-01
  -2.7913717070318239e-01
  -2.6780563586407413e-01
  -2.5724633645182426e-01
  -2.4706322324757937e-01
  -2.5868618915788866e-01
  -2.4970607310972043e-01
  -2.3664887444581556e-01
  -2.9417205058494950e-01
  -2.7121815788275572e-01
  -2.6853354851043737e-01
  -2.5165765483714475e-01
  -2.6439425247352955e-01
  -2.7919824568666562e-01
  -2.7070817798101948e-01
  -2.4183473876733977e-01
  -2.7535733456433442e-01
  -2.5912539697325943e-01
  -2.6908240579300541e-01
  -2.3754168156176925e-01
  -2.5822524801302499e-01
  -2.8324818451977735e-01
  -2.8864906280980490e-01
  -2.6531023915367086e-01
  -2.7172221461470147e-01
  -2.8633491288063123e-01
  -2.7054203904758040e-01
  -2.8870131610706423e-01
  -2.6943298507807129e-01
  -2.8453499174937541e-01
  -2.7553791556744778e-01
  -2.5681230583766013e-01
  -2.7963750116344888e-01
  -2.9176446728188721e-01
  -2.6812836746722324e-01
  -2.8063857607323256e-01
  -2.7122063233701355e-01
  -2.8798732723503701e-01
  -2.8609141123186105e-01
  -2.6169632629416439e-01
  -2.7280114064780409e-01
  -2.7585908116336177e-01
  -2.8095061711042441e-01
  -2.9854191771531358e-01
  -2.7742837738333226e-01
  -2.8666361668110496e-01
  -2.8056684947708666e-01
  -2.9627675604353026e-01
  -2.7803066012251604e-01
  -2.7593216345422700e-01
  -2.8343813223425490e-01
  -2.7822288066953677e-01
  -2.9326871883367678e-01
  -3.1251289651089187e-01
  -3.0337520539594987e-01
  -3.0587433151470039e-01
  -2.8432518280699332e-01
  -3.0053048208131478e-01
  -3.1814732080952302e-01
  -3.0653788591081688e-01
  -3.0928223089214418e-01
  -2.8407389210959411e-01
  -3.1548533423065073e-01
  -3.1476694198523653e-01
  -2.8887056452857052e-01
  -3.0712473649151967e-01
  -3.0481643523508195e-01
  -3.1371336630191488e-01
  -3.0958545460016623e-01
  -3.1139959241557669e-01
  -3.3819038339596302e-01
  -3.0446467810028682e-01
  -3.0242036073783951e-01
  -2.9087589328576924e-01
  -3.4171990053401718e-01
  -3.0512870359597732e-01
  -3.0356109257930697e-01
  -3.1559101491356750e-01
  -3.0864148578232464e-01
  -3.2663160250423895e-01
  -3.1446218684950322e-01
  -3.2335556704976642e-01
  -3.1142532798007816e-01
  -3.1175631411172250e-01
  -3.1168754404105120e-01
  -3.1411488287651851e-01
  -3.2054894452479976e-01
  -3.1604656959473476e-01
  -3.1140541298186430e-01
  -3.2693708404920796e-01
  -3.2372457725732906e-01
  -3.2272009232697008e-01
  -3.2379467018436203e-01
  -3.0586887530260515e-01
  -3.1678898253333787e-01
  -3.4724163217917148e-01
  -2.9578654486162276e-01
  -3.1793777359983161e-01
  -3.2172426692008083e-01
  -3.4113154159327419e-01
  -3.1890052297703619e-01
  -3.4072227710777042e-01
  -3.0699970668212523e-01
  -3.4073619064112903e-01
  -3.2917090798713677e-01
  -3.1856756227853494e-01
  -3.2096855197426899e-01
  -3.3847051159878350e-01
  -3.4687155674772202e-01
  -3.1621630956486141e-01
  -3.3730307110223084e-01
  -3.5986506871374357e-01
  -3.3540213791402168e-01
  -3.3915113280236298e-01
  -3.5929351216388755e-01
  -3.7101905140111996e-01
  -3.3947071620797298e-01
  -3.4781269589119929e-01
  -3.3598831665821427e-01
  -3.6578680703007549e-01
  -3.2362644843891680e-01
  -3.5479908610338995e-01
  -3.5324693429743681e-01
  -3.5141106613524514e-01
  -3.4438134061275805e-01
  -3.3865922329181480e-01
  -3.6098333450113246e-01
  -3.4046487945330312e-01
  -3.5771111564185437e-01
  -3.7117898648926145e-01
  -3.6671750275182913e-01
  -3.6886134313276903e-01
  -3.4797699045113262e-01
  -3.9136923180776328e-01
  -3.4608636978334678e-01
  -3.9570822572335329e-01
  -3.8260443966975927e-01
  -3.9527225415449613e-01
  -3.7804048023925541e-01
  -3.6195793434812679e-01
  -3.6297163136802768e-01
  -3.6035878995946236e-01
  -3.6338938689646433e-01
  -3.8263383345587676e-01
  -3.8943187589488243e-01
  -3.7426396772012971e-01
  -3.6772282300877446e-01
  -3.6991586246827729e-01
  -3.7673668389046905e-01
  -3.6330885996961321e-01
  -3.7248392756922943e-01
  -3.7966216132449260e-01
  -3.6809598103221902e-01
  -3.8400242294703285e-01
  -3.9123066514941146e-01
  -3.6184078922517887e-01
  -3.9964301652554945e-01
  -4.0061381755367698e-01
  -3.7806050455774648e-01
  -3.9741036802980795e-01
  -3.8470380994557973e-01
  -3.8873186693372158e-01
  -3.9670053149695517e-01
  -3.8407120040391607e-01
  -3.6483595947175440e-01
  -3.8807855637372035e-01
  -3.9645152278526996e-01
  -3.7675596096399921e-01
  -3.9349459602846071e-01
  -3.8892979298458680e-01
  -3.8840619039892021e-01
  -3.6966106414285860e-01
  -4.0374810096057950e-01
  -3.9887850223059229e-01
  -3.9877888596512495e-01
  -3.8882349529049065e-01
  -4.0871938260698609e-01
  -4.2248358036186895e-01
  -3.9408714335007877e-01
  -3.9868885374385860e-01
  -4.1186419769353155e-01
  -3.8249323061443763e-01
  -3.8356192556679791e-01
  -4.0142517381590875e-01
  -4.0675644629646857e-01
  -4.0169417489519715e-01
  -3.9063645993590307e-01
  -3.9351683533226006e-01
  -4.2938079427751386e-01
  -4.0084539974622158e-01
  -4.2555822900223567e-01
  -4.1334988528565431e-01
  -4.2358111761430051e-01
  -4.1307911246154932e-01
  -4.1289279931409700e-01
  -4.2886610752152227e-01
  -4.3799645139443855e-01
  -4.0281085440085146e-01
  -4.0151657056126128e-01
  -4.1724138371078889e-01
  -4.1133321509314830e-01
  -4.2469611884517960e-01
  -4.0689981305764272e-01
  -4.4192669072834123e-01
  -4.2727967029867381e-01
  -4.0467249799564547e-01
  -4.3054700644643007e-01
  -4.1778017711786064e-01
  -3.9943886775436255e-01
  -4.3084564904714573e-01
  -4.3137874760740397e-01
  -4.1980115614951535e-01
  -4.2115986988610721e-01
  -3.9204646256346753e-01
  -4.2185973866458071e-01
  -4.2970865373215866e-01
  -4.1419154019651006e-01
  -4.4973085454772027e-01
  -4.2972005576593275e-01
  -4.3340623720664917e-01
  -4.1965029809712556e-01
  -4.5746443800987102e-01
  -4.3020065425651105e-01
  -4.2919566095558825e-01
  -4.4177733954045534e-01
  -4.3322650916719285e-01
  -4.7338336751538734e-01
  -4.2729326901992393e-01
  -4.3983493465887424e-01
  -4.4662791270593510e-01
  -4.5513305213806088e-01
  -4.5445223171702659e-01
  -4.4450261628038656e-01
  -4.3106735923328288e-01
  -4.5007096236716254e-01
  -4.4963851268196825e-01
  -4.4638012300464852e-01
  -4.4586758049904918e-01
  -4.4322225532084991e-01
  -4.5808720604310299e-01
  -4.4990797854647191e-01
  -4.4213451607976395e-01
  -4.4543836964048467e-01
  -4.5874220666005361e-01
  -4.6194076274238843e-01
  -4.4886129286957255e-01
  -4.6113742194246898e-01
  -4.5999678534351318e-01
  -4.7173533989721045e-01
  -4.5751167700027484e-01
  -4.7368555226936448e-01
  -4.6661028409477651e-01
  -4.6185220931769988e-01
  -4.6369554202872793e-01
  -4.6865963928663029e-01
  -4.7772445053809703e-01
  -4.4735955001459066e-01
  -4.7191996159140448e-01
  -4.6756086133089941e-01
  -4.5875697947977967e-01
  -4.6185202924297147e-01
  -4.7401886473331750e-01
  -4.6253292390296552e-01
  -4.6899823926278128e-01
  -4.6342578576102500e-01
  -4.6108945002991691e-01
  -4.7201974136769703e-01
  -4.5371266094220286e-01
  -4.6498889494064138e-01
  -4.8067412920246694e-01
  -4.6759953964339945e-01
  -4.6945126083917577e-01
  -4.8423728514925996e-01
  -4.7608621494272946e-01
  -4.6492407939344921e-01
  -4.8277821105852686e-01
  -4.8010209674706578e-01
  -4.9487491777563436e-01
  -4.8045459954054570e-01
  -4.8359826552488000e-01
  -4.9847499154451452e-01
  -4.7261939431152850e-01
  -4.8365594873302448e-01
  -4.7625946047235418e-01
  -4.7641613451551457e-01
  -4.9052436892639478e-01
  -4.9642183049251948e-01
  -4.8265936627579165e-01
  -4.9466006440057858e-01
  -4.9182881770609427e-01
  -4.8069024262761062e-01
  -4.8606073634881242e-01
  -4.8545079907260208e-01
  -4.9793203570891698e-01
  -5.0003814246677003e-01
  -4.9763077061621186e-01
  -4.8190673793041289e-01
  -4.9774957136456316e-01
  -4.8689507934093090e-01
  -5.0384720985234488e-01
  -4.9129089862661901e-01
  -4.8488309612873259e-01
  -5.0652010244918755e-01
  -5.0557661231987860e-01
  -4.8656970051372883e-01
  -4.9725704653299541e-01
  -5.0933184812252330e-01
  -4.9383541752434301e-01
  -5.0732379062501487e-01
  -4.9259646506341048e-01
  -5.0108337068715625e-01
  -5.0156196039055279e-01
  -4.9725861879766359e-01
  -5.0806315844163052e-01
  -4.9736803793126000e-01
  -5.0527549493432988e-01
  -5.1122055913646935e-01
  -5.0225715733447962e-01
  -5.0135902481082484e-01
  -5.0260152322217500e-01
  -5.1225632912491315e-01
  -5.0302538369801275e-01
  -5.1151194551024504e-01
  -5.0115628746008323e-01
  -5.1209024380046497e-01
  -5.0822150558849843e-01
  -5.1075133067227096e-01
  -5.0508957412076605e-01
  -5.1668826965297443e-01
  -5.1239798804096770e-01
  -5.2139859353056306e-01
  -5.1606796000239941e-01
  -5.0951959720027618e-01
  -5.1053059743387541e-01
  -5.1823485347728970e-01
  -5.2918192207596992e-01
  -5.1584312269240051e-01
  -5.2855887627485698e-01
  -5.3098949871190548e-01
  -5.2358624786341934e-01
  -5.2526642798050427e-01
  -5.2524005118873540e-01
  -5.3377494903221556e-01
  -5.2530436848893036e-01
  -5.3947768207272728e-01
  -5.2068135120916292e-01
  -5.2301712655282595e-01
  -5.2255318351568980e-01
  -5.4645626943635117e-01
  -5.3591772595620035e-01
  -5.2992032648476428e-01
  -5.3224817338517194e-01
  -5.3625033341905659e-01
  -5.3187591664432698e-01
  -5.3283881077481687e-01
  -5.3214378537974161e-01
  -5.3456259709009490e-01
  -5.3413240904039305e-01
  -5.2471039922604867e-01
  -5.2985828215417052e-01
  -5.3376706318560618e-01
  -5.3576831542851611e-01
  -5.3828505443168873e-01
  -5.3267790990507602e-01
  -5.3481411121081979e-01
  -5.3689269825394648e-01
  -5.4694795151466269e-01
  -5.3926214949964257e-01
  -5.4544182355612358e-01
  -5.4589945372982462e-01
  -5.5574062347523212e-01
  -5.4676865674263997e-01
  -5.3814301987304458e-01
  -5.5109554270028582e-01
  -5.4941881954047556e-01
  -5.6123827089696310e-01
  -5.4641463388457834e-01
  -5.4562991147058471e-01
  -5.3648358831398402e-01
  -5.5716285724540637e-01
  -5.3311246919427768e-01
  -5.5295838279276066e-01
  -5.5018542491506017e-01
  -5.4298548272845559e-01
  -5.5207689760301815e-01
  -5.4998790745059667e-01
  -5.4636209583291118e-01
  -5.4942084303218930e-01
  -5.5796792982029542e-01
  -5.6451242957464054e-01
  -5.6276273497908191e-01
  -5.5802446858524812e-01
  -5.6234403190534532e-01
  -5.6353699508520183e-01
  -5.6783586645326789e-01
  -5.5853770806946945e-01
  -5.6296289745506023e-01
  -5.5481165912180375e-01
  -5.5606214226802586e-01
  -5.6568060019074062e-01
  -5.7346584012693935e-01
  -5.7368742702373077e-01
  -5.7034680555700190e-01
  -5.7015065540330689e-01
  -5.6298539205378240e-01
  -5.6224984146912749e-01
  -5.6609016638698917e-01
  -5.7706968712903695e-01
  -5.5529526510121685e-01
  -5.6870065024710825e-01
  -5.6347871680277650e-01
  -5.7267034531672534e-01
  -5.8197646758351251e-01
  -5.7035013282542946e-01
  -5.7665605012525423e-01
  -5.8039914735740328e-01
  -5.8425508098640788e-01
  -5.7193847392493413e-01
  -5.7414299355606913e-01
  -5.7300610038914634e-01
  -5.7660500439396711e-01
  -5.7024683641485863e-01
  -5.7468828538556083e-01
  -5.7395460237448148e-01
  -5.7590398194983305e-01
  -5.7637686312129366e-01
  -5.7768505152033145e-01
  -5.6990461743108201e-01
  -5.7527184562045341e-01
  -5.8109503944559471e-01
  -5.8176522645289641e-01
  -5.9116524061546327e-01
  -5.7257725085235645e-01
  -5.7850752851495957e-01
  -5.7504789856043836e-01
  -5.9908958508069099e-01
  -5.8130463614362193e-01
  -5.8643339525456528e-01
  -5.9738281185744557e-01
  -5.8175030878366163e-01
  -5.8360294067758200e-01
  -5.8011586108898561e-01
  -6.0461963926905471e-01
  -5.8877755857111280e-01
  -5.9487089893786016e-01
  -5.8973405707436211e-01
  -5.9374284487442730e-01
  -6.0304565689712464e-01
  -5.8387577013835323e-01
  -6.0098161545408868e-01
  -6.0778904826860181e-01
  -5.8394941009426959e-01
  -5.8005604806193523e-01
  -6.0671526264365716e-01
  -6.0030391643775893e-01
  -5.8182116943729023e-01
  -6.0582324328132808e-01
  -5.9558235994419573e-01
  -6.0594262468855797e-01
  -6.0805272092906237e-01
  -6.0809004287969259e-01
  -6.0108627922418834e-01
  -6.0156161350891535e-01
  -6.0664273905363653e-01
  -6.0317867822644333e-01
  -6.0680499107012575e-01
  -6.0278152777466987e-01
  -6.0363315671380025e-01
  -6.1142747499236061e-01
  -6.0053144424483829e-01
  -6.0781601203272551e-01
  -5.9628715053277614e-01
  -6.2110051555183954e-01
  -6.0285762263846343e-01
  -6.1968358974036086e-01
  -6.1338449094925251e-01
  -6.0115077466842259e-01
  -6.1256682655349093e-01
  -6.1195509301315087e-01
  -6.0803563547597039e-01
  -6.0748501091279250e-01
  -6.1748950828855198e-01
  -6.2442275601462227e-01
  -6.1068517554720081e-01
  -6.1738414465163516e-01
  -6.1411465188566461e-01
  -6.2584848029930440e-01
  -6.0908046432473839e-01
  -6.1952214634501235e-01
  -6.1909995575702970e-01
  -6.1275138036737475e-01
  -6.1720790428679251e-01
  -6.1001152306671336e-01
  -6.1998710843480342e-01
  -6.2171359939548831e-01
  -6.1582438867409806e-01
  -6.2989412661649047e-01
  -6.2314302564703861e-01
  -6.2860631132738465e-01
  -6.1800451863157191e-01
  -6.2544992780923925e-01
  -6.1912183630777040e-01
  -6.1871630971863012e-01
  -6.2496583152093377e-01
  -6.2853142512789761e-01
  -6.1529526208976726e-01
  -6.2693841801004768e-01
  -6.2995250588790486e-01
  -6.1703664848071749e-01
  -6.2505784850345758e-01
  -6.2982016369945604e-01
  -6.2578048047477475e-01
  -6.2524996170186897e-01
  -6.1777329468873521e-01
  -6.3634020374438971e-01
  -6.3380262180504221e-01
  -6.3139932538586152e-01
  -6.3943431720127253e-01
  -6.3393094963668495e-01
  -6.2733939461868449e-01
  -6.3057065381082134e-01
  -6.4023245176784849e-01
  -6.3948778961011588e-01
  -6.3246571375159522e-01
  -6.3838478270498733e-01
  -6.3625128104024697e-01
  -6.3793049271635494e-01
  -6.3833073821732289e-01
  -6.3914354111031335e-01
  -6.3980119079788955e-01
  -6.3908477793380947e-01
  -6.4402348173417123e-01
  -6.3902084404403248e-01
  -6.3169702033645914e-01
  -6.4030641595844895e-01
  -6.4040087910303933e-01
  -6.3984599261349939e-01
  -6.4093155928310364e-01
  -6.4311754012116173e-01
  -6.4375311869646623e-01
  -6.4419129535970210e-01
  -6.3887403103035745e-01
  -6.5017165190305004e-01
  -6.5148717936533074e-01
  -6.3642725382371446e-01
  -6.4664138313310926e-01
  -6.5185204173398525e-01
  -6.4464258518913586e-01
  -6.5472877465458756e-01
  -6.4707514357814944e-01
  -6.4417287241951249e-01
  -6.5324248650327577e-01
  -6.4838837108734593e-01
  -6.5298187748009040e-01
  -6.5901118697828642e-01
  -6.5388903096321627e-01
  -6.5461664711293521e-01
  -6.5637777199779934e-01
  -6.4911901395020977e-01
  -6.6222240341994187e-01
  -6.6069684781678928e-01
  -6.6611920853366047e-01
  -6.5041883873152984e-01
  -6.6186466807792277e-01
  -6.5475838617811166e-01
  -6.5120179776204101e-01
  -6.6308434920825177e-01
  -6.5766809455982800e-01
  -6.6699045645613853e-01
  -6.5946965500063670e-01
  -6.6723632079826811e-01
  -6.6026785428990376e-01
  -6.6681045022167307e-01
  -6.6162685786650688e-01
  -6.6532995942557538e-01
  -6.6229836543128462e-01
  -6.7414785525378440e-01
  -6.6442444240966203e-01
  -6.5980370519277354e-01
  -6.7230929308352949e-01
  -6.6656979226598412e-01
  -6.7472046837123778e-01
  -6.6902943916283630e-01
  -6.6712862292402897e-01
  -6.7125553090309731e-01
  -6.6405727395568426e-01
  -6.7110189305686463e-01
  -6.6903812840057675e-01
  -6.7060416344061546e-01
  -6.7193355651351550e-01
  -6.8226011463741543e-01
  -6.7193539252272672e-01
  -6.7660889404362978e-01
  -6.7891842088877907e-01
  -6.7937857602847385e-01
  -6.7608375516174735e-01
  -6.8452176293564138e-01
  -6.7539429321113631e-01
  -6.7555460256440258e-01
  -6.7591772789285354e-01
  -6.8016109681735915e-01
  -6.8189047067954778e-01
  -6.7166409438386021e-01
  -6.7921523876040468e-01
  -6.8017624058806614e-01
  -6.8125140666488326e-01
  -6.8239928979953224e-01
  -6.8973825139858402e-01
  -6.8893245088972210e-01
  -6.8779454818258579e-01
  -6.8394889775187495e-01
  -6.8702452494485888e-01
  -6.8742000983204432e-01
  -6.8776734837669107e-01
  -6.7953765719559134e-01
  -6.8521264045955332e-01
  -6.9160929894451073e-01
  -6.9313016529363225e-01
  -6.9319545191933818e-01
  -6.8250994193461689e-01
  -6.8079457686048694e-01
  -6.8830579845180651e-01
  -6.8476655335021153e-01
  -6.9029940288997682e-01
  -6.9579268035866604e-01
  -6.8697071239509111e-01
  -6.9194016579275652e-01
  -6.8334438530698272e-01
  -6.8291313288767197e-01
  -6.9008072610902382e-01
  -6.9834208582848400e-01
  -6.9361540512457576e-01
  -6.9643005862530738e-01
  -6.8906767864638463e-01
  -6.9480540935869806e-01
  -6.9992383017303461e-01
  -6.9894604575190056e-01
  -6.9853535781058096e-01
  -6.9124260162432805e-01
  -7.0062811352424759e-01
  -7.0396421987162694e-01
  -7.0290345932460518e-01
  -7.0120242503939112e-01
  -6.9488189626856312e-01
  -6.9872449896448263e-01
  -6.9537993176670998e-01
  -7.0421229758544623e-01
  -6.9615279411774789e-01
  -7.0214567891461455e-01
  -7.0217680020478157e-01
  -6.9740993178656663e-01
  -6.9559245127743452e-01
  -7.0223506312585560e-01
  -7.0320794032054945e-01
  -7.0715364035099770e-01
  -7.0507357286221528e-01
  -7.0771086475119593e-01
  -7.0597615507109590e-01
  -7.0994909443245213e-01
  -7.1098978153634240e-01
  -7.0449935448476364e-01
  -7.0633668222383017e-01
  -7.0429441549054539e-01
  -6.9991974948280300e-01
  -7.0580462218988804e-01
  -7.1297064335213467e-01
  -7.1321381903983205e-01
  -7.0691535787034598e-01
  -7.1817935590469373e-01
  -7.1335289199237784e-01
  -7.1222496846359473e-01
  -7.1349584797485899e-01
  -7.1580034498795586e-01
  -7.1528678121730416e-01
  -7.1048328043301112e-01
  -7.2066884409363219e-01
  -7.1203709731679476e-01
  -7.0821414233700331e-01
  -7.1538242484718995e-01
  -7.1510067223329965e-01
  -7.1485021590365294e-01
  -7.2803348809997759e-01
  -7.1749770596375606e-01
  -7.2412284346285327e-01
  -7.1649919974914189e-01
  -7.1524727616436401e-01
  -7.1592661826328563e-01
  -7.2677410393749631e-01
  -7.2844274080090310e-01
  -7.2653043670574757e-01
  -7.3333797099651898e-01
  -7.1617503369388313e-01
  -7.2482576798105525e-01
  -7.2583212439049027e-01
  -7.3020658255395554e-01
  -7.2204596729135684e-01
  -7.2304932315429782e-01
  -7.2385456533910708e-01
  -7.3255377023548462e-01
  -7.2099904571005935e-01
  -7.2404678892487229e-01
  -7.3022610699361046e-01
  -7.2164108480093692e-01
  -7.2221616288546708e-01
  -7.2359933038392832e-01
  -7.2179654804236115e-01
  -7.3053896873464241e-01
  -7.2265384538379407e-01
  -7.2800219910482356e-01
  -7.3184001409152721e-01
  -7.2845371600914377e-01
  -7.2317914494776003e-01
  -7.2751038731133111e-01
  -7.1925304657367795e-01
  -7.3385786062141878e-01
  -7.3818983195625898e-01
  -7.3366829886260099e-01
  -7.2626226983518649e-01
  -7.3883874186366372e-01
  -7.3386922476266980e-01
  -7.2763260881151381e-01
  -7.4244618160438824e-01
  -7.3317648118709622e-01
  -7.3882418567618113e-01
  -7.4114535908422952e-01
  -7.3735854794540823e-01
  -7.3604960084580695e-01
  -7.5162457389218795e-01
  -7.3812518798115423e-01
  -7.4373665093260855e-01
  -7.3833026891094433e-01
  -7.3135373414990323e-01
  -7.3686520448998027e-01
  -7.4372395373970857e-01
  -7.4235143433888406e-01
  -7.4028021053428061e-01
  -7.4516696122561665e-01
  -7.4324284140302377e-01
  -7.3407479216307259e-01
  -7.4014599852907137e-01
  -7.4668729278085388e-01
  -7.4201748505830600e-01
  -7.5164594856452960e-01
  -7.4609506102452461e-01
  -7.4916604533589659e-01
  -7.4669685493899018e-01
  -7.5529577333405495e-01
  -7.5128269417998472e-01
  -7.4540667792311455e-01
  -7.3696899634979041e-01
  -7.5286678118764960e-01
  -7.4077831564218666e-01
  -7.4994403113089581e-01
  -7.5680401846987710e-01
  -7.4543959720874542e-01
  -7.4935863379214351e-01
  -7.5157596558424511e-01
  -7.5681740384983842e-01
  -7.5048476304856881e-01
  -7.5196567030390360e-01
  -7.5179631679733383e-01
  -7.5010680394792462e-01
  -7.5278497649622944e-01
  -7.4898946375449460e-01
  -7.5523708197921757e-01
  -7.5580391205859543e-01
  -7.6264956050583199e-01
  -7.5282161533055780e-01
  -7.5620264548398974e-01
  -7.5954675299788255e-01
  -7.6044217051050078e-01
  -7.6295763891352530e-01
  -7.5349613117451097e-01
  -7.5364914988991127e-01
  -7.5425561277571895e-01
  -7.5689559490524383e-01
  -7.5742750700046713e-01
  -7.7043577827651366e-01
  -7.5114375969381686e-01
  -7.5252939461055168e-01
  -7.5636014478428182e-01
  -7.6119180408482434e-01
  -7.5890274490926923e-01
  -7.5685633891002302e-01
  -7.6149973280919636e-01
  -7.6345010820924286e-01
  -7.5914165780175491e-01
  -7.6819303877495193e-01
  -7.6263505351697403e-01
  -7.6204266785702712e-01
  -7.6331088948249759e-01
  -7.6950212079956848e-01
  -7.7446912715976080e-01
  -7.7363158019918110e-01
  -7.6281246740646469e-01
  -7.5993563655555152e-01
  -7.6288211864673683e-01
  -7.7070642684965240e-01
  -7.7080194607981800e-01
  -7.6812841973168711e-01
  -7.6625272340687467e-01
  -7.6776122895010701e-01
  -7.7085617903418746e-01
  -7.7584484711125423e-01
  -7.6356673198004199e-01
  -7.6938130938858784e-01
  -7.8142803788757875e-01
  -7.7075382134449755e-01
  -7.7309398378929484e-01
  -7.7519667649831003e-01
  -7.7297438885752667e-01
  -7.7587234963186946e-01
  -7.7422299328778843e-01
  -7.8057045145232795e-01
  -7.7282126854092004e-01
  -7.7758324284137037e-01
  -7.7023201656936180e-01
  -7.6705747414851366e-01
  -7.7999452196116303e-01
  -7.7709040307434141e-01
  -7.7929329358701527e-01
  -7.7857574368919802e-01
  -7.7884318299394606e-01
  -7.8077528980094824e-01
  -7.8290873176133413e-01
  -7.7487154519746648e-01
  -7.8243624272526424e-01
  -7.7841016074198066e-01
  -7.8464235196081189e-01
  -7.7949166071166964e-01
  -7.8243866864528000e-01
  -7.8461407003398709e-01
  -7.7694372849106907e-01
  -7.8312814479508053e-01
  -7.8643690585632520e-01
  -7.8356819455836346e-01
  -7.8751922017131248e-01
  -7.7830955359615517e-01
  -7.8756600461169013e-01
  -7.7724874015291534e-01
  -7.8781543697258616e-01
  -7.8921286942611779e-01
  -7.8242780605692130e-01
  -7.8575290579010337e-01
  -7.9028190913552354e-01
  -7.8668847396035546e-01
  -7.9163214558709782e-01
  -7.9202267544584393e-01
  -7.9694060997755733e-01
  -7.9346049508632610e-01
  -7.8510350640630744e-01
  -7.9141755251125956e-01
  -7.8854204011635631e-01
  -7.8742271499407590e-01
  -7.9667155597170136e-01
  -7.8840882043245397e-01
  -7.9499162131659740e-01
  -7.9948944768899022e-01
  -7.8703419320874113e-01
  -7.8953178402528923e-01
  -7.8862545660621275e-01
  -7.9011373423829367e-01
  -7.9218089023773508e-01
  -7.9863990550516217e-01
  -7.9169446831414214e-01
  -7.9043698564288123e-01
  -7.9193448601825767e-01
  -7.9694309331798996e-01
  -7.9504449597121940e-01
  -7.9649177326516729e-01
  -7.9653642652585488e-01
  -7.9711887398689585e-01
  -7.9500720722067186e-01
  -7.9550327740012849e-01
  -7.9865918130129254e-01
  -7.9734279929302398e-01
  -8.0273708460556414e-01
  -8.0281457628413078e-01
  -7.9644142681988150e-01
  -7.9628953125722701e-01
  -7.9708452284110476e-01
  -7.9941185388378000e-01
  -8.0428328746100819e-01
  -8.0206327012618162e-01
  -8.0257802002586864e-01
  -8.0089042080450523e-01
  -8.0463048652536717e-01
  -8.0461323723308187e-01
  -8.0403351813173862e-01
  -8.0201637841322337e-01
  -8.0658016660952503e-01
  -8.0794774311005269e-01
  -8.0770197542782429e-01
  -8.0849929713366087e-01
  -8.0701681821395854e-01
  -8.0665206654896882e-01
  -8.0127109447605349e-01
  -8.0697508632866088e-01
  -8.0685159622176172e-01
  -8.1395148343925172e-01
  -8.0701786026783828e-01
  -8.0946183729776677e-01
  -8.0405585161344506e-01
  -8.1156147646384880e-01
  -8.1453930791334128e-01
  -8.0769632216997378e-01
  -8.1261989131047530e-01
  -8.0959737741055859e-01
  -8.1301683431432648e-01
  -8.0581265092582421e-01
  -8.1419103852068675e-01
  -8.0327769150492612e-01
  -8.1410397534893708e-01
  -8.1528949965611708e-01
  -8.1536066122432860e-01
  -8.1027818798893325e-01
  -8.1326612324936498e-01
  -8.1768629672003734e-01
  -8.1614788984916020e-01
  -8.1419974129700579e-01
  -8.1220143822616808e-01
  -8.1963201772395666e-01
  -8.1136092123726145e-01
  -8.1544547424730707e-01
  -8.2219579204326898e-01
  -8.1924214134985340e-01
  -8.1577295509046066e-01
  -8.2046976174168273e-01
  -8.1821910026420452e-01
  -8.1366366429356096e-01
  -8.2449587428632687e-01
  -8.1992881382252192e-01
  -8.1506929832117936e-01
  -8.1928044428031777e-01
  -8.2518273991551050e-01
  -8.1829852960212224e-01
  -8.1989588648049228e-01
  -8.2763282142428130e-01
  -8.1663585441348596e-01
  -8.2416775114612117e-01
  -8.2363709771821814e-01
  -8.1846694719295121e-01
  -8.2367171988128418e-01
  -8.3218216485316465e-01
  -8.2506915869287678e-01
  -8.2957832449404012e-01
  -8.2540488584037663e-01
