0.000000000000000000e+00 4.666666666666652308e-03 1.839687473458467282e-01 4.666666666666707819e-03 2.326666666666666328e-01
1.000000000000000000e+00 2.148125798095735714e-02 1.700112741359623147e-01 3.033333333333332327e-02 2.146666666666666168e-01
2.000000000000000000e+00 3.800584750330474916e-03 1.586495088762226724e-01 5.333333333333412085e-03 2.006666666666666043e-01
3.000000000000000000e+00 2.069487322449153899e-02 1.768353754201912875e-01 2.333333333333331705e-02 2.236666666666666248e-01
4.000000000000000000e+00 2.077525237177904605e-02 1.879603238274857868e-01 2.666666666666667185e-02 2.376666666666666372e-01
5.000000000000000000e+00 7.849274559544436661e-03 1.595276882968386656e-01 8.333333333333414750e-03 2.016666666666666052e-01
6.000000000000000000e+00 4.150836595729159861e-02 1.594325876350251858e-01 4.233333333333333393e-02 2.016666666666666052e-01
7.000000000000000000e+00 1.063537075569585821e-02 1.586915246634173216e-01 1.466666666666666119e-02 2.006666666666666043e-01
8.000000000000000000e+00 8.100068586815263247e-03 1.736953751063433637e-01 1.133333333333341741e-02 2.196666666666666212e-01
9.000000000000000000e+00 2.017286406151700545e-02 1.547312185694922904e-01 2.466666666666667007e-02 1.956666666666666554e-01
1.000000000000000000e+01 1.844661968431552876e-02 1.503276976031584777e-01 2.566666666666667096e-02 1.896666666666666501e-01
1.100000000000000000e+01 1.026861453383292114e-02 1.712979859776523617e-01 1.233333333333341830e-02 2.166666666666666186e-01
1.200000000000000000e+01 3.011828532820403151e-02 1.487727573628093158e-01 4.066666666666668428e-02 1.866666666666666474e-01
1.300000000000000000e+01 1.963273909683628179e-02 1.478445129181329976e-01 2.766666666666667274e-02 1.866666666666666474e-01
1.400000000000000000e+01 1.605545943838971104e-02 1.256635720220196928e-01 2.266666666666666829e-02 1.586666666666666226e-01
1.500000000000000000e+01 8.252945602093273922e-03 1.002189270214629974e-01 1.166666666666665853e-02 1.266666666666665941e-01
1.600000000000000000e+01 2.617144330075136041e-02 6.868345264084113611e-02 2.666666666666667185e-02 8.366666666666666696e-02
1.700000000000000000e+01 6.441715178773772810e-02 3.996587085668637518e-02 8.916666666666667185e-02 6.149999999999999911e-02
1.800000000000000000e+01 5.919764447265708773e-02 4.415974788575376120e-02 6.916666666666670960e-02 6.833333333333330151e-02
1.900000000000000000e+01 6.499252093724150470e-02 5.666531861141638898e-02 7.116666666666671137e-02 8.583333333333331705e-02
2.000000000000000000e+01 4.566438558779817303e-02 3.938194383216755273e-02 5.016666666666669272e-02 5.983333333333329396e-02
2.100000000000000000e+01 5.105457319814203643e-02 5.164401385123611882e-02 5.466666666666669672e-02 7.433333333333330684e-02
2.200000000000000000e+01 1.586488085188301339e-02 1.226784414638527193e-02 1.816666666666666430e-02 1.899999999999999953e-02
2.300000000000000000e+01 9.605590096975381506e-03 3.660892707614720604e-02 1.358333333333339166e-02 4.591666666666660568e-02
2.400000000000000000e+01 3.361185720016739154e-02 7.168812663196043322e-02 4.308333333333336235e-02 8.616666666666661367e-02
2.500000000000000000e+01 2.426946526902567722e-02 4.977888608637195955e-02 2.708333333333334814e-02 5.916666666666658969e-02
2.600000000000000000e+01 2.392842335893555650e-03 1.580628171540242669e-02 3.333333333333410309e-03 1.991666666666658259e-02
2.700000000000000000e+01 1.455750689316149052e-02 1.746204962435205302e-02 1.804166666666667806e-02 2.308333333333328907e-02
2.800000000000000000e+01 3.024387277247703523e-02 4.663216265358064577e-02 3.579166666666666607e-02 5.595833333333333215e-02
2.900000000000000000e+01 3.376533859267187576e-02 5.430264582642361365e-02 3.529166666666666563e-02 6.458333333333332593e-02
3.000000000000000000e+01 2.152242148867341762e-02 3.377557383703247429e-02 2.222916666666668872e-02 4.058333333333330462e-02
3.100000000000000000e+01 2.548573266446261046e-03 5.579561848090447071e-03 3.520833333333417414e-03 6.791666666666640317e-03
3.200000000000000000e+01 2.547287372886979442e-02 4.396091274027792012e-02 3.355208333333337123e-02 5.154166666666659680e-02
3.300000000000000000e+01 3.114904961793690114e-02 5.494533342071495491e-02 3.642708333333333215e-02 6.388541666666658347e-02
3.400000000000000000e+01 1.956250277334022764e-02 3.547923853731217020e-02 2.117708333333334636e-02 4.135416666666658081e-02
3.500000000000000000e+01 3.266127519815233138e-03 1.293544921346639160e-03 3.322916666666675400e-03 1.635416666666666963e-03
3.600000000000000000e+01 1.904335794652141714e-02 3.182157012205009960e-02 1.963541666666668295e-02 3.727083333333330861e-02
3.700000000000000000e+01 2.430750677311790606e-02 4.117398224564691733e-02 2.588541666666666075e-02 4.792708333333334236e-02
3.800000000000000000e+01 1.929509171359676881e-02 3.246041760263568277e-02 2.041666666666669405e-02 3.789583333333329529e-02
3.900000000000000000e+01 4.484954170400196755e-03 4.630646978425612646e-03 6.338541666666697161e-03 5.817708333333337922e-03
4.000000000000000000e+01 1.453861039041965883e-02 2.583850383903156175e-02 1.563802083333332149e-02 3.000260416666666874e-02
4.100000000000000000e+01 1.676462555349809286e-02 2.879640490734151556e-02 2.020052083333334636e-02 3.337760416666657459e-02
4.200000000000000000e+01 9.892460019895233519e-03 1.734912231453321352e-02 1.157552083333335258e-02 2.015104166666659147e-02
4.300000000000000000e+01 1.857419935337506142e-03 2.491776228147069179e-03 2.291666666666691832e-03 3.145833333333292181e-03
4.400000000000000000e+01 1.088233935893197224e-02 1.829413288611990776e-02 1.130729166666666341e-02 2.137239583333333526e-02
4.500000000000000000e+01 1.322255428192875212e-02 2.230276476338531946e-02 1.383463541666668517e-02 2.601692708333330772e-02
4.600000000000000000e+01 4.905067425514042338e-03 7.777620789290807038e-03 5.819010416666658969e-03 9.223958333333337478e-03
4.700000000000000000e+01 6.606262516269309319e-03 1.189615868937981928e-02 6.946614583333343695e-03 1.384244791666666696e-02
4.800000000000000000e+01 1.090375848612791347e-02 1.935147011336609685e-02 1.139973958333340143e-02 2.245572916666660479e-02
4.900000000000000000e+01 7.340604529621327402e-03 1.115050454815683795e-02 1.017317708333331794e-02 1.299869791666663499e-02
5.000000000000000000e+01 4.893914895211517839e-03 7.436363753175837324e-03 6.252604166666675400e-03 8.837239583333322823e-03
5.100000000000000000e+01 7.957023526134227032e-03 1.125615862650960336e-02 1.093619791666666785e-02 1.323177083333332282e-02
5.200000000000000000e+01 7.480252979554184896e-03 1.245659731674046700e-02 7.904947916666682506e-03 1.460286458333331927e-02
5.300000000000000000e+01 1.966522840855048845e-03 2.458153238542480287e-03 2.743489583333369453e-03 2.936197916666660745e-03
5.400000000000000000e+01 8.814086254255955322e-03 1.566166374123431973e-02 9.110677083333351689e-03 1.817643229166665542e-02
5.500000000000000000e+01 7.588960020341041848e-03 1.130224432530276164e-02 1.051888020833335879e-02 1.312955729166664920e-02
5.600000000000000000e+01 2.351781170979676001e-03 1.321831966869065371e-03 3.131510416666705154e-03 1.710286458333321047e-03
5.700000000000000000e+01 7.852084102143068803e-03 1.135630062360022327e-02 1.074381510416666519e-02 1.328743489583333881e-02
5.800000000000000000e+01 7.086564037845449054e-03 1.157674802004301541e-02 8.500651041666695829e-03 1.354329427083333925e-02
5.900000000000000000e+01 5.032608601728587143e-03 2.851766068669313661e-03 6.537760416666704710e-03 3.462239583333304171e-03
6.000000000000000000e+01 5.823664053696930680e-03 1.000224936141630612e-02 7.208333333333372117e-03 1.161979166666660124e-02
6.100000000000000000e+01 6.168512330205407415e-03 1.085026546935783688e-02 7.144856770833318826e-03 1.260319010416666163e-02
6.200000000000000000e+01 4.483411672916946637e-03 5.407780939506252361e-03 6.322591145833333925e-03 6.320963541666668739e-03
6.300000000000000000e+01 3.900141233076823231e-03 6.415259041733296051e-03 4.234049479166668295e-03 7.551106770833315718e-03
6.400000000000000000e+01 5.566634604843273548e-03 9.111980294686088458e-03 6.569010416666687391e-03 1.067513020833332771e-02
6.500000000000000000e+01 5.264777935755306573e-03 5.424846249114161252e-03 7.403971354166705154e-03 6.404622395833337034e-03
6.600000000000000000e+01 2.439015680733048596e-03 2.746200494333052647e-03 3.400716145833371229e-03 3.236002604166676733e-03
6.700000000000000000e+01 5.421851982290151230e-03 9.042012442438988537e-03 7.083333333333330373e-03 1.052311197916666607e-02
6.800000000000000000e+01 4.433905810009025270e-03 7.652805145047007762e-03 5.534505208333317938e-03 8.905924479166604790e-03
6.900000000000000000e+01 3.695261586837454530e-03 5.734520462505257729e-04 3.838216145833350801e-03 7.135416666665950203e-04
7.000000000000000000e+01 6.554825545019135960e-03 5.744982181639867250e-03 9.039713541666660745e-03 6.773763020833323267e-03
7.100000000000000000e+01 3.436353866162522412e-03 5.558279150546708083e-03 3.859049479166709595e-03 6.574544270833315718e-03
7.200000000000000000e+01 5.465775349883263828e-03 3.758138725728827245e-04 5.818033854166682062e-03 5.374348958332997306e-04
7.300000000000000000e+01 4.249192416685469709e-03 2.109621650497964847e-03 5.156575520833373005e-03 2.502604166666588803e-03
7.400000000000000000e+01 3.312898184078227372e-03 3.877899858905469507e-03 4.658528645833381887e-03 4.538736979166624330e-03
7.500000000000000000e+01 2.744805332948475982e-03 1.216600658420241479e-03 3.245442708333379223e-03 1.455729166666586138e-03
7.600000000000000000e+01 2.244612590022447996e-03 1.584771690893036584e-03 3.052408854166688279e-03 1.966145833333321491e-03
7.700000000000000000e+01 4.355964697032021875e-03 3.174674729333686052e-03 5.868815104166702490e-03 3.796223958333289072e-03
7.800000000000000000e+01 9.060235160693231758e-04 7.672776531176389841e-04 1.277994791666681174e-03 9.993489583333126092e-04
7.900000000000000000e+01 1.908403208895644194e-03 2.187360618328756858e-03 2.658528645833380111e-03 2.587076822916589691e-03
8.000000000000000000e+01 3.587293351469126885e-03 2.809676568659850646e-03 4.747395833333389881e-03 3.298502604166642094e-03
8.100000000000000000e+01 5.046586392250153189e-04 7.151970329099189205e-04 6.883138020833401427e-04 8.766276041666243302e-04
