ARMA_MAT_TXT_FN008
1000 1
  -2.3520325453412189e-01
  -2.3319734641706419e-01
  -2.2236770273140805e-01
  -2.2224519422161648e-01
  -2.2338312907732721e-01
  -2.2112940112673160e-01
  -2.1598829613657336e-01
  -2.1386157684055584e-01
  -2.1359719567789856e-01
  -2.1158776870961957e-01
  -2.1969921945225152e-01
  -2.1440491897012512e-01
  -2.0598497905577265e-01
  -2.1749306443435312e-01
  -2.2022553969691375e-01
  -2.1974985811756159e-01
  -2.1080247677617212e-01
  -2.0913034982412920e-01
  -2.0742358979753209e-01
  -2.1585785502951893e-01
  -2.1460170179343377e-01
  -2.1492717160606017e-01
  -2.1267386574647384e-01
  -2.1311961946098013e-01
  -2.2146198279366244e-01
  -2.2628802688442123e-01
  -2.1086967079811439e-01
  -2.1770589119577891e-01
  -2.2104780459188550e-01
  -2.1868515648852677e-01
  -2.2533360729881596e-01
  -2.1568538836288823e-01
  -2.1943922388184114e-01
  -2.2558567044394803e-01
  -2.2866616400669468e-01
  -2.2857272586751887e-01
  -2.3026563147176976e-01
  -2.3486342389746165e-01
  -2.3991848589034293e-01
  -2.3635375753075419e-01
  -2.4056703631991869e-01
  -2.4127772967682973e-01
  -2.3490030081912877e-01
  -2.3937137378809925e-01
  -2.3408402319641927e-01
  -2.3547844675894725e-01
  -2.4550768272505311e-01
  -2.4238685661190007e-01
  -2.4500871332548899e-01
  -2.4313690255425080e-01
  -2.4758802968329915e-01
  -2.4311582322849246e-01
  -2.5640458621481554e-01
  -2.4142566036416852e-01
  -2.5822261992443885e-01
  -2.6042482222574120e-01
  -2.5925625977713074e-01
  -2.5238046856992047e-01
  -2.5962091115836955e-01
  -2.5605052200553213e-01
  -2.6173711721081006e-01
  -2.6254113659225586e-01
  -2.7054940336912808e-01
  -2.6204647873157294e-01
  -2.7105573021038387e-01
  -2.7647753852084722e-01
  -2.6912258764520564e-01
  -2.6355350943654710e-01
  -2.7029758211973137e-01
  -2.7072244570241244e-01
  -2.8547253325180288e-01
  -2.7752113721068261e-01
  -2.7327371322365518e-01
  -2.8401866110037788e-01
  -2.8568483599279038e-01
  -2.8355216008820328e-01
  -2.8479074241601254e-01
  -2.9330394368540519e-01
  -3.0092511892620488e-01
  -2.9038204817922697e-01
  -3.0126169593677421e-01
  -2.9056019324254773e-01
  -2.9435006721350837e-01
  -2.9166887500805988e-01
  -2.9689958330960137e-01
  -2.9839485098885088e-01
  -3.0295205346612969e-01
  -3.0357286158053171e-01
  -3.0103226624903084e-01
  -2.9762519578483809e-01
  -3.1093160597236780e-01
  -3.0523784848544167e-01
  -3.0852462798661984e-01
  -3.0990925136002612e-01
  -3.1190119302164693e-01
  -3.1017818700210370e-01
  -3.2560648119119712e-01
  -3.1325775157192065e-01
  -3.1392089441837850e-01
  -3.1724500808236655e-01
  -3.2130342221638586e-01
  -3.2283951463701727e-01
  -3.2078625032501390e-01
  -3.1986266497710869e-01
  -3.2368799743544163e-01
  -3.2258556183545378e-01
  -3.2905386311520385e-01
  -3.2371829140111652e-01
  -3.3558523435755561e-01
  -3.3413162357151605e-01
  -3.2839691846776153e-01
  -3.3711548301672634e-01
  -3.4007516445648261e-01
  -3.3510004529084148e-01
  -3.3489067770406672e-01
  -3.3888083147374598e-01
  -3.4547557776480908e-01
  -3.3870767117210276e-01
  -3.4667738610050375e-01
  -3.4757365353956593e-01
  -3.4751372618519233e-01
  -3.5690328379005848e-01
  -3.5223147772146612e-01
  -3.4788352170757381e-01
  -3.4931134623470400e-01
  -3.5285051886828456e-01
  -3.5769894081256215e-01
  -3.6606884165639247e-01
  -3.5928174340805707e-01
  -3.5178120633999865e-01
  -3.6298517792389318e-01
  -3.6619356517083007e-01
  -3.6502158902024934e-01
  -3.6058925353177657e-01
  -3.5915096421229614e-01
  -3.6043847646475385e-01
  -3.6687705873394272e-01
  -3.6553877213539249e-01
  -3.6480405700646990e-01
  -3.7006298855219455e-01
  -3.7511221732264366e-01
  -3.7443462227932489e-01
  -3.7292678491789877e-01
  -3.7356253822064700e-01
  -3.7657139507189613e-01
  -3.7104260245560911e-01
  -3.6998646603546459e-01
  -3.8427461609430652e-01
  -3.8557642369167722e-01
  -3.8036741507820820e-01
  -3.8251811766082960e-01
  -3.7576994897039823e-01
  -3.8881282289991886e-01
  -3.8712856637615700e-01
  -3.8700062553693909e-01
  -3.8141916961898881e-01
  -3.9568139976476935e-01
  -3.9313574192109113e-01
  -3.8820491005359314e-01
  -3.9219967279922419e-01
  -3.9110988812254494e-01
  -3.9140043204192432e-01
  -4.0118377141674288e-01
  -3.9451938284206794e-01
  -3.9978077649746158e-01
  -4.0193726904039700e-01
  -3.9451429897279799e-01
  -4.0327696428615839e-01
  -3.9671974200276411e-01
  -3.9914085621658446e-01
  -4.0210546021048488e-01
  -4.0279204330929058e-01
  -4.0461046839453102e-01
  -4.0162014914731681e-01
  -4.0622223629445808e-01
  -4.0844813583942952e-01
  -4.0684671261385758e-01
  -4.0887891925077191e-01
  -4.0710790237960925e-01
  -4.1362093046406978e-01
  -4.0872705468371667e-01
  -4.1325880713104446e-01
  -4.1637617443310981e-01
  -4.1522319167870703e-01
  -4.1390389222149515e-01
  -4.1605408524850090e-01
  -4.1256966483004398e-01
  -4.1751520709609041e-01
  -4.1752831262132656e-01
  -4.2311596350933933e-01
  -4.1821217193673299e-01
  -4.1521640116045483e-01
  -4.2519650996240527e-01
  -4.2368740166907126e-01
  -4.1880414135837107e-01
  -4.2346349483904622e-01
  -4.2263630888567105e-01
  -4.2472791748311867e-01
  -4.2592892254326942e-01
  -4.2464753782195719e-01
  -4.2868989766578897e-01
  -4.2266817964431458e-01
  -4.3446559728073553e-01
  -4.3549169521973397e-01
  -4.3375854253079399e-01
  -4.3576857052895113e-01
  -4.3482125709781339e-01
  -4.3086090485237155e-01
  -4.4422204732049286e-01
  -4.3965618498021486e-01
  -4.3661113140773694e-01
  -4.3917428831051830e-01
  -4.3551451065744806e-01
  -4.4709930898953926e-01
  -4.3821214393699431e-01
  -4.4459338688526323e-01
  -4.4279619054353342e-01
  -4.4366549157443980e-01
  -4.4086332577069332e-01
  -4.4739242623596226e-01
  -4.5268793122019396e-01
  -4.4691414007122232e-01
  -4.5154721677318138e-01
  -4.4829915634246570e-01
  -4.5086768479732764e-01
  -4.5326271380650213e-01
  -4.4225921379060956e-01
  -4.4855666986908482e-01
  -4.5270533325781437e-01
  -4.5519655105646345e-01
  -4.5052188010933725e-01
  -4.5062665974230048e-01
  -4.4719969371819590e-01
  -4.5786325813653922e-01
  -4.5888840315088136e-01
  -4.6071015562924561e-01
  -4.5870146360455283e-01
  -4.6408433306160685e-01
  -4.5884697715012734e-01
  -4.6093200074984425e-01
  -4.5795298094680820e-01
  -4.5821792497402741e-01
  -4.5877008345212145e-01
  -4.6277407660407754e-01
  -4.6414207547767300e-01
  -4.6398021462171135e-01
  -4.6721629560629879e-01
  -4.6449227524477221e-01
  -4.6610962420818142e-01
  -4.6853073164922787e-01
  -4.6783687846969896e-01
  -4.6512358526659553e-01
  -4.6767182658835965e-01
  -4.6712330964979781e-01
  -4.7206870264071488e-01
  -4.6885766892773190e-01
  -4.7311077162850179e-01
  -4.6795697775938588e-01
  -4.7035772624360195e-01
  -4.7071013186366700e-01
  -4.7073881406770551e-01
  -4.7283641630394985e-01
  -4.7351437516318357e-01
  -4.7790658462890745e-01
  -4.7356832862480580e-01
  -4.7916234329200369e-01
  -4.7747294653400074e-01
  -4.7887934266623833e-01
  -4.7626603538024753e-01
  -4.7967545909934850e-01
  -4.7947815614326644e-01
  -4.7594677667011365e-01
  -4.7662131563276228e-01
  -4.8067704434495373e-01
  -4.8030518035054592e-01
  -4.8434749979232122e-01
  -4.8542103379530610e-01
  -4.8291672423134241e-01
  -4.8091989929929030e-01
  -4.8161560561951056e-01
  -4.8297714433267008e-01
  -4.8613332352362032e-01
  -4.8639081641168058e-01
  -4.8485826143932098e-01
  -4.8842953807523670e-01
  -4.9028462861281058e-01
  -4.8566559032665618e-01
  -4.8749183823181291e-01
  -4.9034162492375727e-01
  -4.8353754492157214e-01
  -4.9101920892726969e-01
  -4.9134979641930665e-01
  -4.9206012433602564e-01
  -4.9302589639551297e-01
  -4.9000821959994917e-01
  -4.9424185383732083e-01
  -4.9132880133755918e-01
  -4.9328682783562056e-01
  -4.9579392799203825e-01
  -4.9393117120635882e-01
  -4.9356049499217136e-01
  -4.9343029109749248e-01
  -4.9712524976338884e-01
  -4.9376945942899336e-01
  -4.9089646662864644e-01
  -4.9759749762791655e-01
  -4.9851806697251949e-01
  -4.9441443599376789e-01
  -4.9745758721302802e-01
  -5.0111996618981269e-01
  -5.0217042465870576e-01
  -5.0017042843707615e-01
  -4.9960972544902443e-01
  -5.0039603253625031e-01
  -5.0148418500412661e-01
  -5.0297895607951582e-01
  -5.0064398836619761e-01
  -5.0521340935220671e-01
  -5.0369675219416898e-01
  -5.0329891217950706e-01
  -5.0220787805708056e-01
  -5.0804720224170785e-01
  -5.0363978182817004e-01
  -5.0260966812145158e-01
  -5.0672103925610190e-01
  -5.0753054259821362e-01
  -5.0422347001120471e-01
  -5.0502527637601591e-01
  -5.0657171217560903e-01
  -5.0913928693425126e-01
  -5.0836917318678598e-01
  -5.0621407658269491e-01
  -5.1295788919080743e-01
  -5.1108582706841466e-01
  -5.1026126940859318e-01
  -5.0851634285048608e-01
  -5.0981201327083914e-01
  -5.0521272412658103e-01
  -5.1322739052077382e-01
  -5.1133391990327615e-01
  -5.1101627513308490e-01
  -5.1532432188987154e-01
  -5.1134743774982272e-01
  -5.1446727010061866e-01
  -5.1129676215932551e-01
  -5.1132421660168792e-01
  -5.1659978140670904e-01
  -5.1630292233206077e-01
  -5.1827089339643739e-01
  -5.1518111421576396e-01
  -5.1752279316765970e-01
  -5.1747406450275935e-01
  -5.1603629762877068e-01
  -5.1831477508829971e-01
  -5.1994760869848300e-01
  -5.2030639597771222e-01
  -5.1715551640474700e-01
  -5.2091380382889685e-01
  -5.2368969075350380e-01
  -5.2085390940925236e-01
  -5.2142193344192067e-01
  -5.2062771652710027e-01
  -5.2261601273444758e-01
  -5.2214657432207956e-01
  -5.2253649962671123e-01
  -5.2298330700699802e-01
  -5.2206499046344368e-01
  -5.2334925093607221e-01
  -5.2555184344294903e-01
  -5.2533389637814376e-01
  -5.2825650144215119e-01
  -5.2549459086177253e-01
  -5.2663729589615227e-01
  -5.2556555267456606e-01
  -5.2903643654568278e-01
  -5.2780534666822931e-01
  -5.2922821080955151e-01
  -5.2865177633646632e-01
  -5.2767078683264690e-01
  -5.2691153642791799e-01
  -5.2709391208918066e-01
  -5.3118420142772815e-01
  -5.2784766100568592e-01
  -5.3218289413046671e-01
  -5.3006431041004498e-01
  -5.2991585250980466e-01
  -5.2875644221056195e-01
  -5.3108201486274020e-01
  -5.3118825906929490e-01
  -5.3312186620244295e-01
  -5.3034982916158302e-01
  -5.3116603101840543e-01
  -5.3265116839256776e-01
  -5.3297164605396885e-01
  -5.3181379215824498e-01
  -5.3428896285055272e-01
  -5.3321895076835613e-01
  -5.3449691437444713e-01
  -5.3605472517922637e-01
  -5.3585234666130677e-01
  -5.3456895628947498e-01
  -5.3445419706184560e-01
  -5.3575090394310398e-01
  -5.3585664321326298e-01
  -5.3654198840364375e-01
  -5.3708279157688099e-01
  -5.3656260427691127e-01
  -5.3623111958265968e-01
  -5.3531985939156179e-01
  -5.3897277709996294e-01
  -5.3766838480110268e-01
  -5.3953020660695772e-01
  -5.3850266095909649e-01
  -5.3834063018901546e-01
  -5.3922179052817887e-01
  -5.4027308522938733e-01
  -5.4080800772334792e-01
  -5.4145912206065339e-01
  -5.3928189459224518e-01
  -5.4072943389967754e-01
  -5.4109139792706740e-01
  -5.4261973460561863e-01
  -5.3886896758960590e-01
  -5.4255904797607113e-01
  -5.4447594746328754e-01
  -5.4189830815314965e-01
  -5.4266706519756003e-01
  -5.4167555422173486e-01
  -5.4282112257869652e-01
  -5.4405077842236937e-01
  -5.4495241617795087e-01
  -5.4314754966561407e-01
  -5.4102905525899947e-01
  -5.4572957781198128e-01
  -5.4488241286494044e-01
  -5.4426111650170594e-01
  -5.4342876334231882e-01
  -5.4576353349937301e-01
  -5.4808515827488713e-01
  -5.4513381666863547e-01
  -5.4709192032009391e-01
  -5.4704200912896239e-01
  -5.4372492114556259e-01
  -5.4532038713897002e-01
  -5.4737263783147050e-01
  -5.4873689346544752e-01
  -5.4828172259714603e-01
  -5.4615684371421558e-01
  -5.4505796208020296e-01
  -5.5045957247294808e-01
  -5.5112324436183413e-01
  -5.4794549389643654e-01
  -5.4754271755743888e-01
  -5.4925448039015778e-01
  -5.5036271768798439e-01
  -5.5052084676345425e-01
  -5.4828304075853951e-01
  -5.4979819953271547e-01
  -5.5083142067351432e-01
  -5.5186022029434523e-01
  -5.5163848795583104e-01
  -5.5076252244418256e-01
  -5.5049480490708880e-01
  -5.5118627411612076e-01
  -5.5134984024729061e-01
  -5.5126985508890947e-01
  -5.5285900051338976e-01
  -5.5271291775574971e-01
  -5.5396830266078445e-01
  -5.5185632713781752e-01
  -5.5338713355148073e-01
  -5.5437095000259418e-01
  -5.5440374290906624e-01
  -5.5528968137456858e-01
  -5.5417054934112764e-01
  -5.5533586587232076e-01
  -5.5419209437466566e-01
  -5.5641865771539822e-01
  -5.5488205083258968e-01
  -5.5437064926546264e-01
  -5.5624047113507336e-01
  -5.5698084993929742e-01
  -5.5601426244483454e-01
  -5.5639692233194427e-01
  -5.5675773403104245e-01
  -5.5773386637841427e-01
  -5.5876052297875356e-01
  -5.5646386569103257e-01
  -5.5708626394128180e-01
  -5.5996698543824175e-01
  -5.5695739750145967e-01
  -5.5804877131797481e-01
  -5.5884896834555475e-01
  -5.5861146785201277e-01
  -5.5856937594155665e-01
  -5.5991087743533030e-01
  -5.5686609552830590e-01
  -5.6048752001798618e-01
  -5.6028713771276406e-01
  -5.5902743158026102e-01
  -5.6137273808767774e-01
  -5.5910075821781524e-01
  -5.6018960630293235e-01
  -5.5999375975548005e-01
  -5.6010953167852717e-01
  -5.5988224689166322e-01
  -5.5997500456644422e-01
  -5.6213651639998885e-01
  -5.6338921350548976e-01
  -5.6250189791935268e-01
  -5.6318726790231310e-01
  -5.6307387726305036e-01
  -5.6205918635904695e-01
  -5.6320263354530498e-01
  -5.6188199620427304e-01
  -5.6316868712897239e-01
  -5.6304256155892374e-01
  -5.6313224973000897e-01
  -5.6258699103470877e-01
  -5.6441693099968315e-01
  -5.6477269787693662e-01
  -5.6256054450807347e-01
  -5.6492528494736605e-01
  -5.6447763324552502e-01
  -5.6425789412474292e-01
  -5.6675897244051121e-01
  -5.6518425517176696e-01
  -5.6481289869496787e-01
  -5.6469087817982955e-01
  -5.6410399738489581e-01
  -5.6630482555399864e-01
  -5.6534160937396583e-01
  -5.6520588874208322e-01
  -5.6608387983208142e-01
  -5.6569924488696210e-01
  -5.6562510497776741e-01
  -5.6693354139396324e-01
  -5.6693576811423285e-01
  -5.6655225905789408e-01
  -5.6803872819653234e-01
  -5.6741557593179814e-01
  -5.6727934523230983e-01
  -5.6655538870092859e-01
  -5.6866618340295527e-01
  -5.6776235033278644e-01
  -5.6874901767599573e-01
  -5.6664800673030946e-01
  -5.6915031982455111e-01
  -5.6905337790859145e-01
  -5.6836658665985063e-01
  -5.6830556152950362e-01
  -5.6892485884635424e-01
  -5.6909314551109647e-01
  -5.6871921624381816e-01
  -5.6984165027999367e-01
  -5.6946971502141919e-01
  -5.6929665739628710e-01
  -5.6944811394684813e-01
  -5.6916663607087192e-01
  -5.6967844995743466e-01
  -5.7106830540788389e-01
  -5.7105719519690101e-01
  -5.7208907035374468e-01
  -5.7131270810495083e-01
  -5.7089050192739210e-01
  -5.7286701999390399e-01
  -5.7174777801516297e-01
  -5.7154070040705951e-01
  -5.7305497034237773e-01
  -5.7215540617820393e-01
  -5.7206974846609060e-01
  -5.7178944507831941e-01
  -5.7298986717529776e-01
  -5.7272955558487992e-01
  -5.7203281684911733e-01
  -5.7314416099271426e-01
  -5.7210338000638239e-01
  -5.7252018447762443e-01
  -5.7183293383258771e-01
  -5.7138296214213657e-01
  -5.7352360295347860e-01
  -5.7391541713930605e-01
  -5.7434083866183649e-01
  -5.7317356730227431e-01
  -5.7420546913407211e-01
  -5.7321863564762410e-01
  -5.7480510231140503e-01
  -5.7514673930121663e-01
  -5.7383561219702783e-01
  -5.7506267707807024e-01
  -5.7426442453508342e-01
  -5.7479408461638282e-01
  -5.7513017067881778e-01
  -5.7622807220541838e-01
  -5.7574771285449533e-01
  -5.7532851996267120e-01
  -5.7458809116281051e-01
  -5.7515861823185754e-01
  -5.7630553968068132e-01
  -5.7463402971455135e-01
  -5.7623683230838652e-01
  -5.7485219653281383e-01
  -5.7602053479137105e-01
  -5.7595639424364242e-01
  -5.7648760257237586e-01
  -5.7782089702454598e-01
  -5.7515863179030913e-01
  -5.7792921325561120e-01
  -5.7747078229587856e-01
  -5.7689038211858112e-01
  -5.7727188853187117e-01
  -5.7854202614789141e-01
  -5.7862753529081756e-01
  -5.7681910278957571e-01
  -5.7851644107488043e-01
  -5.7885014491358378e-01
  -5.7642324975287407e-01
  -5.7924005790997113e-01
  -5.7792203641624251e-01
  -5.7874582817224185e-01
  -5.7728658819521195e-01
  -5.7858561145233778e-01
  -5.7791451477578093e-01
  -5.7964691585827466e-01
  -5.8083724982268070e-01
  -5.7993431236574056e-01
  -5.7854078654152252e-01
  -5.7943698993105197e-01
  -5.8010388809912894e-01
  -5.7915881443797868e-01
  -5.8037270446666778e-01
  -5.8019816649697487e-01
  -5.7996421779790019e-01
  -5.8036820368066944e-01
  -5.8048751202533988e-01
  -5.8051718854927536e-01
  -5.8109421032412278e-01
  -5.8128911442097564e-01
  -5.8129973694390347e-01
  -5.8053788303585729e-01
  -5.8206109727456956e-01
  -5.8181930862846643e-01
  -5.8106328975174770e-01
  -5.8141189992049913e-01
  -5.8146258386187921e-01
  -5.8145482849501018e-01
  -5.8170737818351403e-01
  -5.8212225456335231e-01
  -5.8185096276500137e-01
  -5.8208048690599190e-01
  -5.8223606923383631e-01
  -5.8248565392357099e-01
  -5.8158360202358084e-01
  -5.8236265330661252e-01
  -5.8232933165997414e-01
  -5.8330669683532554e-01
  -5.8285242471371546e-01
  -5.8403037029468585e-01
  -5.8249324836517202e-01
  -5.8314025655624369e-01
  -5.8411407857038777e-01
  -5.8274285631155487e-01
  -5.8297617207735797e-01
  -5.8349889453049253e-01
  -5.8411184927280602e-01
  -5.8380289943092023e-01
  -5.8363636737143965e-01
  -5.8413654039957896e-01
  -5.8476498669758736e-01
  -5.8390968078788164e-01
  -5.8503199152644958e-01
  -5.8387314524546041e-01
  -5.8423390234372596e-01
  -5.8448151026476935e-01
  -5.8488676317715904e-01
  -5.8441514116963689e-01
  -5.8469391198551046e-01
  -5.8559083131663148e-01
  -5.8520925047763495e-01
  -5.8574923384434818e-01
  -5.8386906164954433e-01
  -5.8520087645337782e-01
  -5.8532657927841303e-01
  -5.8513825065819758e-01
  -5.8605255632038689e-01
  -5.8666885783962974e-01
  -5.8662409575789298e-01
  -5.8618668938842433e-01
  -5.8649188869610047e-01
  -5.8526342586765190e-01
  -5.8584525734026416e-01
  -5.8655284434878108e-01
  -5.8587083576867605e-01
  -5.8731601183085780e-01
  -5.8710953006336231e-01
  -5.8670532495090266e-01
  -5.8617500398676436e-01
  -5.8751571000797786e-01
  -5.8708512837580906e-01
  -5.8750510001785283e-01
  -5.8688697538040568e-01
  -5.8669958502813102e-01
  -5.8712900969324489e-01
  -5.8685988710933812e-01
  -5.8650799558298117e-01
  -5.8721823487140101e-01
  -5.8738673335349967e-01
  -5.8813966881792268e-01
  -5.8812164807236189e-01
  -5.8806202447256783e-01
  -5.8823511136103424e-01
  -5.8743865517088989e-01
  -5.8783157527419705e-01
  -5.8827492523632285e-01
  -5.8772923595581539e-01
  -5.8825889401361386e-01
  -5.8893718724203115e-01
  -5.8917991007460346e-01
  -5.8873358926643748e-01
  -5.8839822448911938e-01
  -5.8964925631622955e-01
  -5.8932793458337474e-01
  -5.8899813473063856e-01
  -5.8874675866927151e-01
  -5.8943800446645689e-01
  -5.8847362538304238e-01
  -5.8858598872157286e-01
  -5.8944765086568496e-01
  -5.8945428734049843e-01
  -5.8928846058830731e-01
  -5.8999424676039491e-01
  -5.8937794935603927e-01
  -5.8974133111149885e-01
  -5.8950798719263753e-01
  -5.9032091688209398e-01
  -5.9007377558209417e-01
  -5.9012882046414183e-01
  -5.9082383094007374e-01
  -5.9054833048638133e-01
  -5.8984567136377553e-01
  -5.9023906377880342e-01
  -5.9008304161505476e-01
  -5.8999766519244878e-01
  -5.9070663110696320e-01
  -5.9062658574181948e-01
  -5.9052603699520345e-01
  -5.9065784765646667e-01
  -5.9111394294407893e-01
  -5.9065282390271068e-01
  -5.9014139143401856e-01
  -5.9118275015922284e-01
  -5.9086161519827396e-01
  -5.9088685509316163e-01
  -5.9146090383818073e-01
  -5.8987910967483781e-01
  -5.9204220529075224e-01
  -5.9048469330593312e-01
  -5.9084636061151863e-01
  -5.9222634249619177e-01
  -5.9118863200924421e-01
  -5.9119862475886897e-01
  -5.9106822728560204e-01
  -5.9146675225021728e-01
  -5.9186840459260592e-01
  -5.9225130068755738e-01
  -5.9210039219169730e-01
  -5.9197857183231195e-01
  -5.9199223023003311e-01
  -5.9198308091704821e-01
  -5.9240184471896851e-01
  -5.9273093850658620e-01
  -5.9219810256417416e-01
  -5.9147841327619965e-01
  -5.9172877844162586e-01
  -5.9157110757670284e-01
  -5.9170940545393846e-01
  -5.9202206389911760e-01
  -5.9282596598826198e-01
  -5.9308443029373448e-01
  -5.9278804765589699e-01
  -5.9262617133362561e-01
  -5.9261782928105511e-01
  -5.9354426831377982e-01
  -5.9289509384492778e-01
  -5.9265010097180015e-01
  -5.9313316375692327e-01
  -5.9347104779763427e-01
  -5.9328186199906863e-01
  -5.9272125954712296e-01
  -5.9321911138411709e-01
  -5.9372167483393545e-01
  -5.9249967451617414e-01
  -5.9383525892821332e-01
  -5.9368283507274444e-01
  -5.9370466284676937e-01
  -5.9370771599660155e-01
  -5.9314402584276005e-01
  -5.9365571750534096e-01
  -5.9438169595529711e-01
  -5.9382114034329103e-01
  -5.9361617459182736e-01
  -5.9450142224519908e-01
  -5.9384433960412908e-01
  -5.9402028347374491e-01
  -5.9393627392865356e-01
  -5.9501621476879607e-01
  -5.9520197776096395e-01
  -5.9443778713031148e-01
  -5.9514740014390777e-01
  -5.9474988725078082e-01
  -5.9403780181988808e-01
  -5.9587522440034180e-01
  -5.9507335955217977e-01
  -5.9507320792017293e-01
  -5.9509867004751027e-01
  -5.9544267908006920e-01
  -5.9531982779041226e-01
  -5.9406464008444437e-01
  -5.9510753151257456e-01
  -5.9484349931041935e-01
  -5.9446244557292482e-01
  -5.9530781759541074e-01
  -5.9558477059594783e-01
  -5.9531438458268671e-01
  -5.9534101659712146e-01
  -5.9612143768219361e-01
  -5.9551227395372486e-01
  -5.9582974275494749e-01
  -5.9549813056899248e-01
  -5.9547871120197693e-01
  -5.9601540971928979e-01
  -5.9486469915225582e-01
  -5.9615369912338434e-01
  -5.9603620655276368e-01
  -5.9557924267712448e-01
  -5.9623195087593484e-01
  -5.9620340878498979e-01
  -5.9612363963150905e-01
  -5.9657299946016606e-01
  -5.9639605166493692e-01
  -5.9618075103938817e-01
  -5.9643676862095663e-01
  -5.9651972771459794e-01
  -5.9551619291572711e-01
  -5.9605541662919215e-01
  -5.9657708890184935e-01
  -5.9724256596944358e-01
  -5.9676086346056878e-01
  -5.9706152605032392e-01
  -5.9736481302218403e-01
  -5.9748136335860513e-01
  -5.9708634148952111e-01
  -5.9737163751190714e-01
  -5.9720070310267259e-01
  -5.9722763814654378e-01
  -5.9712333880006274e-01
  -5.9735904243427618e-01
  -5.9779429672003848e-01
  -5.9706026637886322e-01
  -5.9712953468300034e-01
  -5.9749581827879361e-01
  -5.9738997419353568e-01
  -5.9730113589329903e-01
  -5.9616279079610845e-01
  -5.9686689923091485e-01
  -5.9707748756288692e-01
  -5.9734106355939109e-01
  -5.9788323626417150e-01
  -5.9725415018822581e-01
  -5.9773741345533304e-01
  -5.9702086956111777e-01
  -5.9777801405399200e-01
  -5.9782546685083116e-01
  -5.9874858279820387e-01
  -5.9891514362114051e-01
  -5.9902102919811406e-01
  -5.9783731636197535e-01
  -5.9789445137854991e-01
  -5.9796977424115949e-01
  -5.9801485911758978e-01
  -5.9821088559448010e-01
  -5.9809952843206238e-01
  -5.9787006918517149e-01
  -5.9725867179049952e-01
  -5.9856975193041118e-01
  -5.9792571541855077e-01
  -5.9885320612550630e-01
  -5.9899640301914581e-01
  -5.9851033220179750e-01
  -5.9764282296563254e-01
  -5.9835301176109790e-01
  -5.9825171454367376e-01
  -5.9806853981030028e-01
  -5.9808283891340841e-01
  -5.9945542743752900e-01
  -5.9896349147381323e-01
  -5.9861678204939206e-01
  -5.9883230434985335e-01
  -5.9868842740997186e-01
  -5.9878001666459812e-01
  -5.9885135765723618e-01
  -5.9858274523595423e-01
  -5.9939156038464858e-01
  -5.9888153287561186e-01
  -5.9911504427921058e-01
  -5.9942220333494389e-01
  -5.9835359626175566e-01
  -5.9921515829115846e-01
  -5.9952197277259234e-01
  -5.9907786952983710e-01
  -5.9920546577493261e-01
  -5.9924262634437975e-01
  -5.9930777910173216e-01
  -5.9887780504217913e-01
  -5.9895692670450240e-01
  -5.9891687280820238e-01
  -5.9997187192112722e-01
  -5.9980190384993282e-01
  -5.9952561972437612e-01
  -5.9962021520644171e-01
  -5.9950505303760315e-01
  -5.9928466324862995e-01
  -6.0028042560689099e-01
  -5.9949358006175157e-01
  -5.9968911292235216e-01
  -5.9957459274973557e-01
  -6.0011012250082907e-01
  -5.9990435587499191e-01
  -5.9993937385529839e-01
  -5.9972784477073271e-01
  -5.9997009484263830e-01
  -6.0006076265855146e-01
  -6.0027317308944661e-01
  -6.0029879229192562e-01
  -5.9965695023216881e-01
  -5.9991910525031777e-01
  -6.0024869836823536e-01
  -5.9992427053043451e-01
  -6.0040082676892526e-01
  -6.0062235370867911e-01
  -6.0006840914612880e-01
  -6.0022751821487463e-01
  -5.9999198400722875e-01
  -6.0149593100491050e-01
  -6.0022850324151600e-01
  -6.0056491715415661e-01
  -6.0059516145676506e-01
  -6.0083001573618211e-01
  -6.0068689722524071e-01
  -6.0042787010999310e-01
  -6.0069937198778467e-01
  -6.0040260086297670e-01
  -6.0021835717244698e-01
  -6.0090336496085939e-01
  -6.0017606372986010e-01
  -6.0098847561403901e-01
  -6.0137498143825219e-01
  -6.0066898284827575e-01
  -6.0112186697268011e-01
  -6.0083391667852470e-01
  -6.0133412070824799e-01
  -6.0170788264681563e-01
  -6.0098367462375391e-01
  -6.0114709852023784e-01
  -6.0065110037389446e-01
  -6.0075673448792899e-01
  -6.0045511326424250e-01
  -6.0129759124792403e-01
  -6.0139079554294994e-01
  -6.0173651026623742e-01
  -6.0109304742437131e-01
  -6.0134171321583485e-01
  -6.0168965640295913e-01
  -6.0129156040218323e-01
  -6.0154926430843203e-01
  -6.0201062496083024e-01
  -6.0214277428576635e-01
  -6.0097971978980846e-01
  -6.0165830129081699e-01
  -6.0165829870740750e-01
  -6.0147564348582994e-01
  -6.0174197061987533e-01
  -6.0198701108141406e-01
  -6.0205914364518698e-01
  -6.0155782974438443e-01
  -6.0207619564369375e-01
  -6.0252569992346183e-01
  -6.0145160191476121e-01
  -6.0175745429269134e-01
  -6.0182449606204613e-01
  -6.0124163183920254e-01
  -6.0240243555168149e-01
  -6.0241052785700344e-01
  -6.0238504286086814e-01
  -6.0223409536148331e-01
  -6.0218484871785849e-01
  -6.0218299922119634e-01
  -6.0211289451257277e-01
  -6.0189064626584288e-01
  -6.0172922762308023e-01
