0.000000000000000000e+00 1.164570193465896096e-02 4.652597683558809018e-03 8.955240518246532222e-02 1.751135857414818364e-01
1.000000000000000000e+00 9.546365560421189722e-03 4.086864221730142875e-03 8.501409105472601535e-02 1.836135857414818995e-01
2.000000000000000000e+00 6.841427341512176796e-03 3.634195978657905803e-03 1.060956749344007521e-01 1.659912259200309603e-01
3.000000000000000000e+00 3.736040118711231317e-03 3.243427079253333178e-03 2.439362430642810775e-02 1.456787259200310047e-01
4.000000000000000000e+00 3.287822357819912295e-03 3.176903117746427644e-03 3.850303480071459727e-02 1.573974759200310047e-01
5.000000000000000000e+00 2.942659251431225045e-03 3.145856519472342572e-03 2.367601791366535924e-02 1.502724759200310123e-01
6.000000000000000000e+00 3.422299310086012597e-03 3.158826678666054339e-03 3.294921616355050986e-02 1.419912259200309945e-01
7.000000000000000000e+00 3.652083692681258684e-03 3.165276974282460552e-03 3.661490518246535153e-02 1.346667726833801759e-01
8.000000000000000000e+00 3.471775307440876004e-03 3.163100066456498143e-03 2.267340894527392070e-02 1.481448357414818506e-01
9.000000000000000000e+00 3.887906238801657269e-03 3.223512088567904738e-03 3.608203383644947859e-02 1.590849759200310132e-01
1.000000000000000000e+01 4.344948251566333255e-03 3.264280020686458669e-03 3.508112430642817969e-02 1.735537259200309879e-01
1.100000000000000000e+01 5.312576608461697103e-03 3.336894706809902245e-03 4.227611445576229254e-02 1.586474759200309781e-01
1.200000000000000000e+01 6.279465824920334865e-03 3.466818706234151871e-03 5.290650724025569573e-02 1.557099759200309963e-01
1.300000000000000000e+01 8.220507235217779443e-03 3.807706742648948092e-03 7.234400724025569218e-02 1.929912259200309843e-01
1.400000000000000000e+01 1.026194280217877612e-02 4.260555191350988945e-03 7.429514837620632139e-02 1.749599759200309856e-01
1.500000000000000000e+01 1.284067830518086789e-02 4.819421082874715719e-03 9.499329852785509676e-02 2.040510857414818413e-01
1.600000000000000000e+01 1.734955823549505158e-02 5.985622156381280659e-03 1.473682985278551572e-01 2.790557985278551145e-01
1.700000000000000000e+01 2.303870852367169778e-02 7.481458069538940436e-03 1.953534746845405623e-01 3.473057985278551474e-01
1.800000000000000000e+01 2.613175591330639189e-02 8.186275113388524066e-03 2.753534746845405223e-01 4.243585738433148791e-01
1.900000000000000000e+01 2.802256305689558233e-02 8.556621215044994330e-03 1.884784746845404868e-01 3.280148238433148178e-01
2.000000000000000000e+01 2.901700503709012807e-02 8.575083329998645434e-03 1.533073644557623183e-01 2.301302017783003473e-01
2.100000000000000000e+01 2.874564967037956595e-02 8.181466247925430271e-03 1.550179566014434906e-01 2.259427017783003366e-01
2.200000000000000000e+01 2.601745989495878389e-02 7.378918307964873156e-03 1.076117066014434936e-01 1.805052017783003449e-01
2.300000000000000000e+01 2.129376199867533473e-02 6.156303708143733011e-03 8.500196514206258269e-02 1.618177017783003491e-01
2.400000000000000000e+01 1.693381457489239600e-02 5.099106871124954241e-03 8.440821514206257870e-02 1.359758919071976102e-01
2.500000000000000000e+01 1.884943320492882615e-02 5.618086399112719870e-03 1.834195433985565116e-01 1.939651875577995954e-01
2.600000000000000000e+01 3.765677778750238514e-02 9.894881508265075329e-03 2.787626256935719082e-01 3.466018603508055351e-01
2.700000000000000000e+01 7.824617986278796511e-02 2.095589113070935039e-02 6.400710940051299591e-01 6.888445114916538214e-01
2.800000000000000000e+01 3.497483349283952991e-02 9.017878185156981766e-03 2.831063756935718878e-01 3.705393603508054801e-01
2.900000000000000000e+01 3.696375104506174902e-02 9.544386877205776956e-03 2.896785104002668754e-01 3.731956103508055067e-01
3.000000000000000000e+01 3.512057479659920489e-02 9.052646072939020405e-03 2.860535104002668860e-01 3.640393603508055298e-01
3.100000000000000000e+01 3.033038165838236599e-02 8.075825139344964404e-03 2.592200492049884231e-01 3.315393603508055564e-01
3.200000000000000000e+01 2.277735410182818790e-02 6.284407072179145140e-03 2.053617066014434833e-01 2.773949005240490817e-01
3.300000000000000000e+01 5.193003786444721354e-02 1.398890706663354945e-02 4.989753704622548747e-01 5.045633538304677979e-01
3.400000000000000000e+01 3.037023836355774373e-02 7.680237652825494532e-03 3.189885857414818671e-01 3.495198357414818213e-01
3.500000000000000000e+01 5.704706879710503414e-02 1.591450196198872583e-02 5.415230608302837867e-01 5.673101770265285282e-01
3.600000000000000000e+01 5.883741197171935694e-02 1.577474600172290228e-02 6.171070433985564874e-01 6.255317955016208575e-01
3.700000000000000000e+01 3.958768518042093953e-02 1.056529310295894163e-02 3.070247617356751668e-01 3.213505494996823364e-01
3.800000000000000000e+01 3.283226810444293819e-02 8.894327877973475655e-03 2.909910104002668696e-01 3.093539362971843287e-01
3.900000000000000000e+01 3.738410333051270934e-02 1.022603041440402205e-02 2.881160104002668532e-01 3.915370509914518626e-01
4.000000000000000000e+01 3.094666346661650511e-02 8.452780977064694792e-03 2.527900240799690335e-01 3.213547222420202187e-01
4.100000000000000000e+01 2.700880395679889495e-02 7.313203788028822643e-03 2.555811243064281535e-01 2.573311243064281273e-01
4.200000000000000000e+01 2.143362777605350988e-02 5.911591535894031302e-03 1.863094651992853734e-01 2.488403002209165216e-01
4.300000000000000000e+01 2.614566332815881217e-02 6.927754591404923674e-03 2.138662259200309612e-01 2.433957498745173420e-01
4.400000000000000000e+01 2.817257908691153320e-02 7.809180302067036950e-03 2.814320850138793961e-01 2.812445850138793890e-01
4.500000000000000000e+01 2.395991804317016555e-02 6.424370744159981460e-03 2.696339895997331149e-01 2.749621033736708853e-01
4.600000000000000000e+01 2.132122154599024044e-02 5.867285995397553307e-03 2.841964895997331486e-01 2.856483398100395643e-01
4.700000000000000000e+01 1.856295637707448820e-02 5.245797468526831875e-03 1.684441204622548760e-01 2.005729317305232073e-01
4.800000000000000000e+01 2.022636881689594476e-02 5.503204818435192269e-03 1.852626256935718807e-01 2.176836861387907440e-01
4.900000000000000000e+01 1.982236496837169737e-02 5.464303562210815444e-03 1.660438756935718185e-01 1.863399361387907405e-01
5.000000000000000000e+01 1.824183976929293766e-02 4.878433564016513777e-03 1.458112007950115308e-01 1.913823838597238924e-01
5.100000000000000000e+01 1.756789945917165349e-02 4.699008221930072587e-03 1.839362007950116062e-01 1.915073838597238787e-01
5.200000000000000000e+01 1.929730145143562781e-02 5.344501679930316676e-03 2.466140548474760608e-01 2.564436108490780741e-01
5.300000000000000000e+01 1.131524768546541410e-02 3.330243474225226021e-03 1.087390548474760354e-01 1.219436108490780657e-01
5.400000000000000000e+01 2.433354792446631304e-02 6.544493304747258863e-03 2.592061243064281428e-01 2.628154993064281131e-01
5.500000000000000000e+01 1.613074081960215456e-02 4.516814069306436530e-03 1.446419242049884479e-01 1.815551161402760849e-01
5.600000000000000000e+01 1.966389462975433669e-02 5.311276479388553351e-03 1.846262992049884089e-01 2.230862353508055174e-01
5.700000000000000000e+01 1.418076884655720266e-02 4.014412476403003173e-03 1.281419242049883778e-01 1.441449005240491021e-01
5.800000000000000000e+01 1.963660996860270777e-02 5.343742087847028546e-03 1.880402395997330944e-01 1.884295898100395439e-01
5.900000000000000000e+01 1.313886074369631854e-02 3.747319111469164018e-03 1.088176355442376231e-01 1.336347981985057665e-01
6.000000000000000000e+01 1.609180076475930088e-02 4.471051133945754853e-03 1.360402545377451256e-01 1.578951378036623221e-01
6.100000000000000000e+01 9.216704972166679666e-03 2.838956556316946187e-03 7.935967209439070968e-02 9.171493613879067031e-02
6.200000000000000000e+01 1.812560679362176103e-02 4.909258847277790140e-03 1.599500901992854107e-01 1.694930413304678030e-01
6.300000000000000000e+01 1.267082584754017881e-02 3.581522398035376972e-03 1.031896888318985517e-01 1.411386134914518475e-01
6.400000000000000000e+01 1.370379414863718073e-02 3.889097336642557794e-03 1.166766743104888371e-01 1.536542384914518777e-01
6.500000000000000000e+01 8.945839872961207362e-03 2.818842931900641946e-03 8.765100292211869260e-02 9.851150660248111923e-02
6.600000000000000000e+01 1.394995824080358902e-02 3.913685716242941773e-03 9.957682579501159204e-02 1.304905873244165959e-01
6.700000000000000000e+01 7.714251373054091185e-03 2.435408557987967047e-03 7.566569138410894624e-02 7.518131638410896489e-02
6.800000000000000000e+01 1.449819976553429722e-02 3.971325708688929097e-03 1.126168108302837978e-01 1.541776759914518236e-01
6.900000000000000000e+01 1.009528992897620707e-02 3.008896017701545144e-03 8.729569790026686649e-02 8.819022915026686338e-02
7.000000000000000000e+01 1.002702301177436917e-02 2.959284143613514703e-03 8.112147041971617956e-02 8.937139824148188083e-02
7.100000000000000000e+01 1.443970547981555767e-02 3.992012622664231451e-03 1.290769329622548645e-01 1.272800579622548889e-01
7.200000000000000000e+01 8.705234318164434965e-03 2.616237096906874442e-03 6.957551795498839731e-02 9.111093944512749232e-02
7.300000000000000000e+01 1.111437944129546260e-02 3.161564688570454949e-03 8.996223670498837421e-02 1.131135791008055502e-01
7.400000000000000000e+01 5.964448127252041168e-03 2.073591235555467989e-03 6.834957151403636688e-02 7.189644651403637177e-02
7.500000000000000000e+01 8.637129979741508742e-03 2.599566923573031624e-03 7.553396421225488933e-02 7.400542755348060719e-02
7.600000000000000000e+01 7.224181832639434489e-03 2.316827486437480176e-03 6.417458921225488444e-02 6.771649935846968393e-02
7.700000000000000000e+01 9.581268747162516308e-03 2.839077141519316845e-03 8.321964306048884596e-02 8.709649104487951488e-02
7.800000000000000000e+01 5.531371584238988122e-03 1.932386952362532282e-03 3.622582861725170966e-02 5.791286643338017237e-02
7.900000000000000000e+01 9.154519999833486688e-03 2.673983211282823704e-03 6.912187525512999975e-02 7.029653909565719561e-02
8.000000000000000000e+01 5.288712015020459803e-03 1.876598552640416006e-03 4.400093139628222239e-02 4.469233764628222083e-02
8.100000000000000000e+01 7.111767797403490202e-03 2.286826319883419716e-03 4.673515102526687448e-02 6.534083529503098564e-02
8.200000000000000000e+01 5.071855374469210094e-03 1.884436851477479203e-03 3.497929165026686382e-02 5.285764837620632317e-02
8.300000000000000000e+01 5.482726995181881613e-03 1.884183121768907886e-03 4.530023213767564449e-02 5.089314704032482650e-02
8.400000000000000000e+01 6.440953873464627145e-03 2.055177613713270353e-03 4.763031026267564028e-02 5.007562276267563117e-02
8.500000000000000000e+01 5.050158968058127487e-03 1.823892239673247312e-03 4.263817354223062295e-02 4.606830099145187152e-02
8.600000000000000000e+01 5.459807916247462131e-03 1.963325179598470784e-03 3.883085415026688025e-02 5.308864768338017459e-02
8.700000000000000000e+01 4.639063587358480990e-03 1.819106111693020956e-03 3.271770381857186383e-02 5.223731967003097942e-02
8.800000000000000000e+01 6.257117213617748898e-03 1.989844184862742463e-03 4.735864111725174297e-02 4.924653126074535203e-02
8.900000000000000000e+01 3.963564022750062400e-03 1.615013635456778772e-03 2.932905639628222150e-02 3.667458518338018170e-02
9.000000000000000000e+01 4.391358855662934324e-03 1.734882789193730422e-03 3.655744943632444066e-02 4.411599143338018614e-02
9.100000000000000000e+01 4.600633816445342562e-03 1.738390789545079737e-03 3.858489131857190113e-02 4.648572437313841510e-02
9.200000000000000000e+01 4.574445363412284540e-03 1.758263410769475435e-03 4.319799950774827479e-02 4.716674950774829567e-02
9.300000000000000000e+01 3.524077561904026372e-03 1.533129710612072052e-03 2.673428686562090428e-02 3.711741400120627254e-02
9.400000000000000000e+01 4.844732796924631352e-03 1.720251225850877178e-03 4.387621924225171277e-02 4.439149286090493529e-02
9.500000000000000000e+01 4.349928208473082848e-03 1.676954528914161848e-03 3.248056767822826707e-02 5.779177268338017703e-02
9.600000000000000000e+01 6.192093237250232557e-03 2.095431583729271980e-03 4.792225166971619821e-02 6.002587254073599166e-02
9.700000000000000000e+01 3.695977910843915512e-03 1.613785868816979257e-03 2.618635568632443622e-02 4.617849143338018103e-02
9.800000000000000000e+01 5.309933541851608908e-03 1.791729258248623158e-03 4.969110175851820799e-02 4.863275411645184843e-02
9.900000000000000000e+01 3.530413737437304404e-03 1.507564875495112471e-03 2.245350347644350930e-02 2.991231890159577744e-02
1.000000000000000000e+02 4.153779245707959859e-03 1.647606716049000719e-03 3.670694311562089363e-02 4.586189704032478387e-02
1.010000000000000000e+02 3.358937641498414926e-03 1.545787937767488735e-03 2.571362450774827835e-02 4.679591342003097676e-02
1.020000000000000000e+02 3.901680073532779944e-03 1.611940096882714816e-03 2.704025453774511201e-02 5.058338062313841310e-02
1.030000000000000000e+02 3.357865130685741984e-03 1.477079231133236531e-03 2.730124052601914930e-02 3.805798999813841954e-02
1.040000000000000000e+02 4.033074270285928395e-03 1.548314028534709605e-03 2.966668092365820630e-02 3.155893152498107090e-02
1.050000000000000000e+02 4.143707267885888765e-03 1.628176594119372898e-03 2.717096805642815749e-02 3.608120799382180666e-02
1.060000000000000000e+02 3.335666107962959905e-03 1.525075285615738827e-03 2.257946582788131207e-02 3.372950717003098120e-02
1.070000000000000000e+02 5.628922151257648512e-03 1.882450740618223138e-03 4.407707881857181320e-02 5.330798999813840533e-02
1.080000000000000000e+02 3.512510543415828766e-03 1.524994708348438501e-03 2.655609151267565582e-02 3.585681812313840089e-02
1.090000000000000000e+02 5.756899858827579583e-03 1.940889899667905174e-03 5.071090930940069796e-02 5.680661243440077168e-02
1.100000000000000000e+02 3.466909954202451651e-03 1.505659153914203985e-03 2.870895618440072461e-02 3.728368504073598100e-02
1.110000000000000000e+02 4.750010951676921118e-03 1.691760525221254127e-03 3.175512549225173453e-02 4.911211604487952798e-02
1.120000000000000000e+02 2.863907271461236474e-03 1.434078024517691568e-03 2.105408393796906474e-02 4.121423999813841887e-02
1.130000000000000000e+02 2.750127441662744785e-03 1.419390705483853385e-03 2.122681974025575347e-02 3.736163261648184353e-02
1.140000000000000000e+02 3.075972088723071159e-03 1.439045268991703602e-03 2.281713008076236004e-02 3.836072437313842176e-02
1.150000000000000000e+02 3.288862011573066325e-03 1.452416808174860794e-03 2.160216606203096967e-02 2.507732139867867305e-02
1.160000000000000000e+02 2.408012702762653799e-03 1.338758723701443396e-03 1.545452074222608552e-02 3.509920172782482473e-02
1.170000000000000000e+02 2.718636088993980991e-03 1.372370277338757355e-03 2.347281456807207012e-02 4.001033454032482117e-02
1.180000000000000000e+02 2.432825587235451243e-03 1.344870936676445354e-03 1.541129113057204680e-02 4.041365485282477632e-02
1.190000000000000000e+02 2.693932641777265456e-03 1.368541839682212895e-03 1.729699236387294281e-02 3.352576343563840044e-02
1.200000000000000000e+02 2.903537549234198791e-03 1.418377772014695190e-03 3.745888519280565765e-02 4.296319511648183376e-02
1.210000000000000000e+02 2.952318013330975863e-03 1.391791389597821097e-03 2.135619258076237870e-02 3.216680354487952420e-02
1.220000000000000000e+02 2.437225753797572000e-03 1.330067150765858663e-03 1.481408031436159956e-02 3.302751671117867827e-02
1.230000000000000000e+02 2.824180778871101648e-03 1.373194918808391890e-03 2.762119293219433835e-02 3.460641280836240785e-02
1.240000000000000000e+02 2.900343311766255712e-03 1.384304374986564199e-03 2.024918420516044759e-02 3.638045172782478076e-02
1.250000000000000000e+02 2.475138465104785839e-03 1.324745510929222110e-03 1.834488733016043094e-02 3.475349860282478387e-02
1.260000000000000000e+02 2.270747037823136159e-03 1.319248424017150246e-03 2.561611175530564832e-02 3.703259937313840844e-02
1.270000000000000000e+02 3.085288658888182996e-03 1.428084090809188982e-03 2.155624098450859005e-02 4.643201343563840844e-02
1.280000000000000000e+02 2.412150783116217331e-03 1.310708051888254382e-03 1.762013079319524333e-02 3.327224143338017304e-02
1.290000000000000000e+02 2.608769488689920060e-03 1.343426849888372564e-03 1.834200471575234137e-02 3.438240485282478831e-02
1.300000000000000000e+02 2.458187943038716260e-03 1.313601603640982647e-03 1.767386598596365488e-02 3.224236046117867627e-02
1.310000000000000000e+02 2.072188684757815102e-03 1.290201079452970396e-03 1.281140607362701855e-02 3.701983574148182132e-02
1.320000000000000000e+02 2.176428943745721978e-03 1.293396748552555703e-03 2.567958831780564610e-02 3.245056812313840133e-02
1.330000000000000000e+02 2.689824706131741135e-03 1.348320729299785133e-03 2.108583831780563855e-02 3.378357593563841021e-02
1.340000000000000000e+02 2.683653843853169452e-03 1.358655478174818814e-03 1.976350412382443800e-02 3.075811699148189859e-02
1.350000000000000000e+02 2.238765659271294874e-03 1.299420729899389542e-03 1.712802886969433391e-02 3.584157737088017326e-02
1.360000000000000000e+02 2.520421632575507286e-03 1.309458949266610085e-03 1.901355451112704542e-02 3.551931174588018880e-02
1.370000000000000000e+02 2.139469455005292738e-03 1.276093173501837959e-03 1.810718616810147452e-02 3.140544639867867693e-02
1.380000000000000000e+02 2.005728703940859187e-03 1.262043251347345733e-03 1.426050648060145365e-02 3.209392296117867527e-02
1.390000000000000000e+02 2.749430290228356728e-03 1.328333613273719252e-03 1.609573131559927095e-02 3.385779468563840378e-02
1.400000000000000000e+02 2.100563327516744797e-03 1.275505873264175943e-03 1.218525791634644806e-02 2.776641291987952398e-02
1.410000000000000000e+02 1.943549339837998382e-03 1.255627464917139554e-03 1.286134173069525266e-02 2.859942073237953242e-02
1.420000000000000000e+02 2.390295461186383967e-03 1.300314530203178134e-03 2.173329925530564921e-02 2.891721868870633649e-02
1.430000000000000000e+02 2.225499874045591686e-03 1.281888401513014367e-03 1.509538048251157782e-02 3.635310797782481673e-02
1.440000000000000000e+02 2.137130936797783549e-03 1.265838447058538659e-03 1.398740361572825552e-02 3.720388205838018325e-02
1.450000000000000000e+02 3.184140589840785823e-03 1.408305874806053222e-03 2.302336788107184340e-02 4.400623218563839978e-02
1.460000000000000000e+02 2.518359816849958296e-03 1.310425331244111395e-03 1.672272817169406789e-02 3.507745292898178935e-02
1.470000000000000000e+02 2.757687336456024919e-03 1.348628077158307891e-03 2.050869013427170096e-02 3.153279547782478209e-02
1.480000000000000000e+02 2.540965604010530024e-03 1.305801509189115882e-03 1.809659618548881133e-02 3.833278830838018902e-02
1.490000000000000000e+02 2.362671422839836711e-03 1.272660412935810439e-03 1.731610175851816535e-02 3.811403830838017148e-02
1.500000000000000000e+02 2.010769488045956871e-03 1.265933682818067615e-03 1.542970248253100474e-02 4.266114779503099586e-02
1.510000000000000000e+02 1.928408336932324000e-03 1.225577853580936015e-03 1.551488510116538766e-02 3.182752124813839623e-02
1.520000000000000000e+02 3.556055782439860105e-03 1.420801505198137846e-03 2.435625025512996866e-02 3.253377204032481540e-02
1.530000000000000000e+02 2.763498924342502796e-03 1.336780629225898468e-03 2.005657100607183274e-02 3.293633479487950710e-02
1.540000000000000000e+02 2.349625197068628494e-03 1.313828444293857305e-03 1.671699193237002889e-02 4.107813998253101451e-02
1.550000000000000000e+02 2.126335371654289406e-03 1.285818356832627019e-03 1.454832138413830744e-02 4.083233574148181777e-02
1.560000000000000000e+02 2.353928078311630107e-03 1.279851038686689087e-03 1.637634082788130829e-02 3.478279547782481274e-02
1.570000000000000000e+02 3.110672471299049790e-03 1.337320121850757697e-03 2.024314907996899171e-02 2.347565654752963027e-02
1.580000000000000000e+02 1.873806317117780599e-03 1.243520553155335034e-03 1.375498792571461237e-02 3.336208518338018569e-02
1.590000000000000000e+02 2.366556556137638673e-03 1.308629962926833278e-03 1.713354638274827701e-02 4.149932792898181066e-02
1.600000000000000000e+02 2.563836493732829253e-03 1.305236193714530077e-03 1.874061285144348887e-02 3.819802268338018392e-02
1.610000000000000000e+02 2.378271231612743251e-03 1.258221985925122481e-03 1.758112660919397552e-02 3.596834235282481140e-02
1.620000000000000000e+02 2.986424826960766901e-03 1.344625305800856976e-03 2.455338829501163556e-02 3.801228766532477321e-02
1.630000000000000000e+02 1.880275548098121188e-03 1.240644161685654180e-03 1.331441526403637221e-02 3.308331230398187106e-02
1.640000000000000000e+02 2.837185655730623327e-03 1.353466129267341190e-03 2.343807692200861048e-02 4.488555354487952509e-02
1.650000000000000000e+02 2.035222210522831966e-03 1.238233447130801393e-03 1.177629756857190291e-02 3.221169455838018836e-02
1.660000000000000000e+02 3.271450717938813833e-03 1.372774248825897603e-03 2.408103970496905388e-02 2.690681891532481496e-02
1.670000000000000000e+02 2.737205082255437204e-03 1.349513819413152450e-03 2.379236885721619510e-02 5.014874199148189327e-02
1.680000000000000000e+02 1.963818352529499503e-03 1.241170398250503746e-03 1.795713017822830881e-02 4.213904468563842154e-02
1.690000000000000000e+02 2.216359596964043947e-03 1.247404316844760415e-03 1.712900517822829594e-02 4.156032737088016793e-02
1.700000000000000000e+02 3.702421294980449366e-03 1.421735983502313153e-03 3.158758613351819733e-02 3.772927268338016615e-02
1.710000000000000000e+02 2.139731111435757508e-03 1.237328195912920864e-03 1.436083083425471196e-02 2.928630577367867527e-02
1.720000000000000000e+02 2.315492244639428664e-03 1.278753116688534364e-03 1.580880159075234714e-02 3.572979667898179557e-02
1.730000000000000000e+02 2.429716347694466701e-03 1.313342263411917824e-03 1.765369698221619377e-02 3.440291266532480297e-02
1.740000000000000000e+02 2.411307161166404128e-03 1.294729410034473277e-03 1.887101024798881754e-02 4.116384299588018991e-02
1.750000000000000000e+02 2.390966324827781871e-03 1.262464541298003850e-03 1.470580195576232096e-02 3.914431174588017814e-02
1.760000000000000000e+02 1.897194214789077633e-03 1.210493653320515728e-03 1.397826289326231652e-02 3.273341342003099896e-02
1.770000000000000000e+02 3.138002252161572851e-03 1.352676318300804689e-03 2.352283393796905653e-02 3.069002204032478254e-02
1.780000000000000000e+02 1.707694040565603446e-03 1.189535033345705999e-03 1.155394760116534858e-02 3.292188998253098298e-02
1.790000000000000000e+02 2.440008002850568326e-03 1.303410717508603819e-03 1.704103060753098253e-02 4.434083529503096699e-02
1.800000000000000000e+02 2.067201472994696209e-03 1.252069950217859443e-03 1.555674573821463902e-02 3.512830249813841954e-02
1.810000000000000000e+02 2.398550457334257865e-03 1.244349633737590246e-03 1.668512763620344508e-02 2.977849327367866616e-02
1.820000000000000000e+02 2.545294696820550508e-03 1.274177442131866960e-03 1.894119077475486801e-02 3.291267829032479275e-02
1.830000000000000000e+02 3.323224522660587609e-03 1.383509060680911899e-03 2.918264537809922565e-02 3.568630393338018125e-02
1.840000000000000000e+02 1.860519408180929092e-03 1.227140765245575936e-03 1.225323417898183109e-02 4.038478060753097898e-02
1.850000000000000000e+02 1.945007890615109555e-03 1.230723327243523919e-03 1.644098701120344508e-02 3.020245292898182665e-02
1.860000000000000000e+02 2.260781514854609368e-03 1.262237412796182474e-03 1.560612267001160181e-02 2.981892829032478653e-02
1.870000000000000000e+02 1.650621410993009276e-03 1.189044802645771674e-03 1.369205789382466065e-02 3.790940618870630718e-02
1.880000000000000000e+02 4.051928708126917994e-03 1.508645040643309763e-03 2.599016475607185406e-02 4.236892112088017082e-02
1.890000000000000000e+02 2.303057690379507316e-03 1.234321158545981494e-03 2.024187623615819609e-02 2.643591968563840933e-02
1.900000000000000000e+02 4.275939258247044711e-03 1.579583224164388296e-03 3.329655235751161069e-02 4.777764824148189593e-02
1.910000000000000000e+02 3.264608298702033600e-03 1.406126852433312903e-03 2.994303673251152986e-02 4.099275641532479364e-02
1.920000000000000000e+02 2.956975200893784822e-03 1.347497221033713052e-03 2.206076235024512222e-02 3.795000666987952131e-02
1.930000000000000000e+02 2.556700996003336522e-03 1.287996994591705888e-03 1.886324338903633269e-02 3.666384299588018592e-02
1.940000000000000000e+02 2.491378925620609062e-03 1.249866739179922217e-03 1.760584722644351063e-02 3.167165549588016327e-02
1.950000000000000000e+02 2.176083993161106837e-03 1.232553352205647407e-03 1.761238818951116336e-02 3.684099327367866550e-02
1.960000000000000000e+02 2.863299125375262395e-03 1.358642416307980459e-03 2.557361885721620709e-02 3.616365485282480030e-02
1.970000000000000000e+02 1.895864334181026527e-03 1.213539223826863101e-03 1.485570541366543207e-02 2.989874199148179201e-02
1.980000000000000000e+02 3.067738421010229692e-03 1.362107347477466493e-03 2.938416753894348976e-02 4.323223323237951332e-02
1.990000000000000000e+02 2.732697109052364005e-03 1.291631262984752363e-03 2.041399288107181853e-02 2.816970237088017859e-02
2.000000000000000000e+02 2.983362861605128209e-03 1.335054476652812070e-03 2.792545860751161069e-02 4.376912360282481096e-02
2.010000000000000000e+02 2.893121536675737505e-03 1.349048582387917233e-03 2.691276329501157694e-02 4.194952324148182310e-02
2.020000000000000000e+02 3.741602088309557272e-03 1.477414408989018244e-03 2.718574193237002778e-02 4.531521018338016682e-02
2.030000000000000000e+02 2.691954304140086254e-03 1.263780984182538139e-03 1.870704485569524289e-02 2.486016291987952487e-02
2.040000000000000000e+02 3.213393216291351735e-03 1.366444058040705567e-03 2.582567458425472084e-02 3.025373047440055307e-02
2.050000000000000000e+02 2.469045456249922832e-03 1.289780571770101237e-03 2.153563552175474793e-02 3.605889824148189593e-02
2.060000000000000000e+02 2.218000880570669252e-03 1.251859934991138030e-03 1.680683568237001380e-02 3.381349154503099363e-02
2.070000000000000000e+02 2.480260694573998767e-03 1.266557935246649842e-03 1.991346441394351019e-02 3.561267749813840089e-02
2.080000000000000000e+02 2.141345843372719111e-03 1.215480812236219808e-03 1.397595020288130985e-02 3.181950889867866950e-02
