0.000000000000000000e+00 1.312966053262379189e-02 4.883610782531092910e-03 1.310253527640363735e-01 1.815707278430320759e-01
1.000000000000000000e+00 9.100856357015773765e-03 4.043143015112007042e-03 1.045140910547260882e-01 1.392401913073344488e-01
2.000000000000000000e+00 6.823651419604610628e-03 3.617603612600339431e-03 6.272067493440069974e-02 1.633662259200309719e-01
3.000000000000000000e+00 5.286078362493381276e-03 3.355622339281447500e-03 6.497464723596363401e-02 1.646162259200310007e-01
4.000000000000000000e+00 5.217576820971168462e-03 3.272973497468331921e-03 5.940119943632438115e-02 1.350537259200310092e-01
5.000000000000000000e+00 4.912689297009397577e-03 3.232976552934394270e-03 4.933869943632440691e-02 1.468974759200309954e-01
6.000000000000000000e+00 5.035659081963942199e-03 3.240753562154903220e-03 5.169053480071461593e-02 1.457412259200309701e-01
7.000000000000000000e+00 4.877092620778405649e-03 3.190044589821486309e-03 5.386677215696789034e-02 1.344287259200309670e-01
8.000000000000000000e+00 4.600237813520963344e-03 3.203165523005176499e-03 4.021052215696796495e-02 1.563349759200309830e-01
9.000000000000000000e+00 5.519588568856958685e-03 3.261591310421146570e-03 5.437803480071468076e-02 1.383662259200310052e-01
1.000000000000000000e+01 4.797656389721793868e-03 3.189411270547232256e-03 4.018620079501156184e-02 1.254912259200309799e-01
1.100000000000000000e+01 4.411619538454200802e-03 3.143083030318146506e-03 3.412525724025572416e-02 1.417412259200309665e-01
1.200000000000000000e+01 4.694793898795276976e-03 3.122071833266838042e-03 4.630736445576233429e-02 1.201042726833801699e-01
1.300000000000000000e+01 4.400323772382914826e-03 3.141627308132839691e-03 5.122313552175472573e-02 1.445510857414818995e-01
1.400000000000000000e+01 4.965238446206598870e-03 3.147106219904215272e-03 3.411483473450860338e-02 1.219949285448795329e-01
1.500000000000000000e+01 4.537857786177278835e-03 3.117047403156333364e-03 3.864806083028382577e-02 1.641787259200309657e-01
1.600000000000000000e+01 5.155812495758503762e-03 3.131530756647119083e-03 4.690432506559927273e-02 1.254912259200309799e-01
1.700000000000000000e+01 4.521991531540347706e-03 3.084439939155766194e-03 3.684182506559929848e-02 1.296787259200309905e-01
1.800000000000000000e+01 4.563318303146986048e-03 3.051211706281673191e-03 4.326141425851814937e-02 1.174167726833801745e-01
1.900000000000000000e+01 4.735962627219871338e-03 3.052096331548518043e-03 4.001409105472608640e-02 1.244367603773780251e-01
2.000000000000000000e+01 4.193063111767169650e-03 3.034235952596431134e-03 3.227541699905162043e-02 1.427724759200310056e-01
2.100000000000000000e+01 4.624998723447428656e-03 3.016907086274705357e-03 3.827724456780567941e-02 1.123430103773780248e-01
2.200000000000000000e+01 4.235580993212978082e-03 3.009154718903140572e-03 3.267578383644953455e-02 1.374599759200310078e-01
2.300000000000000000e+01 4.031003134437614703e-03 2.984451573417499625e-03 4.089461938437910504e-02 1.400537259200310136e-01
2.400000000000000000e+01 4.442829305399094604e-03 2.978939679888797931e-03 3.902115518246529469e-02 1.125537259200309892e-01
2.500000000000000000e+01 4.479996309415193098e-03 2.974438910851125249e-03 3.611986445576231830e-02 1.137073357414818409e-01
2.600000000000000000e+01 4.321418991900176192e-03 2.985281027978816098e-03 3.528428480071466034e-02 1.485823357414818302e-01
2.700000000000000000e+01 4.664574346142487393e-03 2.960424230630499635e-03 4.080736445576238491e-02 1.304573357414818835e-01
2.800000000000000000e+01 4.242712895080204445e-03 2.914567162594813767e-03 3.628428480071466122e-02 1.389599759200310092e-01
2.900000000000000000e+01 4.053569694312175384e-03 2.823581352630871906e-03 3.598737430642817703e-02 9.799122592003101095e-02
3.000000000000000000e+01 4.108962288923704263e-03 2.793902507052993794e-03 3.046003285919407499e-02 9.836358574148185152e-02
3.100000000000000000e+01 3.923299413241055841e-03 2.757609074875143253e-03 1.990817493440077968e-02 1.073167107414818577e-01
3.200000000000000000e+01 3.539657962575809298e-03 2.723505263359047440e-03 2.134083391819524556e-02 1.138193509200309816e-01
3.300000000000000000e+01 3.717527747167771214e-03 2.704340783173265345e-03 2.483869943632444066e-02 1.093349759200309967e-01
3.400000000000000000e+01 4.101598773586001383e-03 2.713077156823588340e-03 2.555559214080593833e-02 1.117605226833801729e-01
3.500000000000000000e+01 4.485678250881568012e-03 2.712133587125126113e-03 3.810234400512996222e-02 1.002724759200309679e-01
3.600000000000000000e+01 3.914020243227717306e-03 2.641631398273830336e-03 2.895865518246532044e-02 1.022881009200309887e-01
3.700000000000000000e+01 4.203251580632594818e-03 2.617307158359289364e-03 3.367626052175470841e-02 8.652247592003098342e-02
3.800000000000000000e+01 3.827462395573625730e-03 2.585477351469210160e-03 2.660645891819524156e-02 1.102568509200310132e-01
3.900000000000000000e+01 4.073009021432643685e-03 2.545401572726785355e-03 3.019140883644955142e-02 1.002412259200309852e-01
4.000000000000000000e+01 4.856989269985577222e-03 2.652148688942753980e-03 3.923307579501156273e-02 9.322296074148184175e-02
4.100000000000000000e+01 3.987938193277506746e-03 2.534289584527972365e-03 2.909221605472600558e-02 9.322560092003101540e-02
4.200000000000000000e+01 4.074795641465428497e-03 2.555405410032446541e-03 2.673828383644949458e-02 1.024573357414818586e-01
4.300000000000000000e+01 3.831649844568253780e-03 2.550059942791130674e-03 2.885347776403635045e-02 1.158792107414818862e-01
4.400000000000000000e+01 4.714136364391475174e-03 2.600656381953047984e-03 3.374486445576230231e-02 1.138818509200310025e-01
4.500000000000000000e+01 4.211388844533088364e-03 2.537434491441612969e-03 3.201048945576234761e-02 8.611622592003098653e-02
4.600000000000000000e+01 4.401369007868378286e-03 2.542716899980042300e-03 3.162692493440077968e-02 1.017698357414817956e-01
4.700000000000000000e+01 3.963997036871926005e-03 2.469187245799658696e-03 2.863557443632447352e-02 8.973858574148185774e-02
4.800000000000000000e+01 4.052783195084831008e-03 2.448953609632102419e-03 2.412370079501158227e-02 9.411358574148187550e-02
4.900000000000000000e+01 4.325670675564420586e-03 2.506000192635284007e-03 3.570615980071467632e-02 9.405372592003097276e-02
5.000000000000000000e+01 3.801672366620744477e-03 2.394564659384023145e-03 3.960423945576230231e-02 8.641046074148184264e-02
5.100000000000000000e+01 3.418703888648009278e-03 2.334449018411933596e-03 2.344130706780567230e-02 8.970997592003099319e-02
5.200000000000000000e+01 3.317951693383144277e-03 2.339623599984251394e-03 1.903316218454054187e-02 1.037463982414817965e-01
5.300000000000000000e+01 4.233161066329970204e-03 2.417433288128378443e-03 2.568620079501160447e-02 8.651983574148180978e-02
5.400000000000000000e+01 3.630859222100958888e-03 2.321274922737938048e-03 1.868098601993214980e-02 8.274639824148188882e-02
5.500000000000000000e+01 3.560728156037989804e-03 2.306179507737060944e-03 2.521963856834003037e-02 7.717608574148182576e-02
5.600000000000000000e+01 4.046277776651190441e-03 2.361673996244557233e-03 2.555868188437909749e-02 8.174489768338016882e-02
5.700000000000000000e+01 3.558382379331853380e-03 2.315602293976781224e-03 2.331774707788131229e-02 8.419952324148183287e-02
5.800000000000000000e+01 3.481159719983489224e-03 2.267338256139843095e-03 1.771355592365819742e-02 7.122575889867867327e-02
5.900000000000000000e+01 3.244437573063722532e-03 2.267934503234020956e-03 1.811148644307206124e-02 8.841046074148184442e-02
6.000000000000000000e+01 4.074381982672249311e-03 2.354091937559596361e-03 3.035389410144348488e-02 9.010577324148183465e-02
6.100000000000000000e+01 4.650347242833918759e-03 2.395373256496904565e-03 3.591288540026688070e-02 8.601833518338017348e-02
6.200000000000000000e+01 3.348781182380335553e-03 2.287375505422724418e-03 1.979182443632443444e-02 9.186622592003096388e-02
6.300000000000000000e+01 3.810749732453988948e-03 2.266786207136180838e-03 2.426343616810144876e-02 7.292608574148184974e-02
6.400000000000000000e+01 3.506580829960941580e-03 2.241143831724423403e-03 1.891063552175470397e-02 8.689747592003099763e-02
6.500000000000000000e+01 5.519827425696603555e-03 2.456736802830703122e-03 3.711237430642810864e-02 6.843669639867867860e-02
6.600000000000000000e+01 4.721701741469195093e-03 2.332632811420996648e-03 3.421393680642814683e-02 7.105388389867867138e-02
6.700000000000000000e+01 4.837106505205002703e-03 2.334483908787464597e-03 4.318983160144349021e-02 8.299489768338016993e-02
6.800000000000000000e+01 4.073307925531613992e-03 2.220353037573539762e-03 2.314158657996906454e-02 6.955388389867867005e-02
6.900000000000000000e+01 4.473441965147535553e-03 2.280647695940350283e-03 3.584608160144350797e-02 7.897927268338017504e-02
7.000000000000000000e+01 4.568810692720795194e-03 2.293321206045047852e-03 3.203828099487002201e-02 8.223708518338018747e-02
7.100000000000000000e+01 3.482034226826751996e-03 2.203244702862452737e-03 2.608193206780567985e-02 7.228810092003096210e-02
7.200000000000000000e+01 3.495499718642200437e-03 2.186059850033002499e-03 2.117463693632448685e-02 6.714747592003100785e-02
7.300000000000000000e+01 3.446081882501843881e-03 2.196291395782129681e-03 2.859278842003099008e-02 9.428810092003098164e-02
7.400000000000000000e+01 3.807973790118476375e-03 2.221578939711639326e-03 3.531120079501159914e-02 7.545733574148183465e-02
7.500000000000000000e+01 4.788006343874091561e-03 2.290906728365519913e-03 4.423307579501156717e-02 6.823858574148189415e-02
7.600000000000000000e+01 5.348978454505044604e-03 2.412176498981890346e-03 4.702995079501159914e-02 7.942608574148180001e-02
7.700000000000000000e+01 4.231890779368476310e-03 2.151633431856898784e-03 2.698347035919401726e-02 6.164333518338016571e-02
7.800000000000000000e+01 6.158541818276096202e-03 2.487887317192817842e-03 5.071757290026684961e-02 8.594021018338018902e-02
7.900000000000000000e+01 4.960955627334322042e-03 2.264899757902138957e-03 3.959608160144348354e-02 7.658864768338016771e-02
8.000000000000000000e+01 5.184596538805590939e-03 2.269356653769020842e-03 3.863514410144350264e-02 7.836989768338017970e-02
8.100000000000000000e+01 3.735935385567056271e-03 2.133706252028186052e-03 2.639362430642810953e-02 7.523858574148178935e-02
8.200000000000000000e+01 3.834687618345202116e-03 2.094080350202221288e-03 2.434642695576239024e-02 7.560427268338018592e-02
8.300000000000000000e+01 3.376312111507834019e-03 2.081999812114411486e-03 1.931774707788130874e-02 6.884014824148187994e-02
8.400000000000000000e+01 4.297575171463900029e-03 2.170215417646899781e-03 3.267878055642814417e-02 6.762419639867867094e-02
8.500000000000000000e+01 3.323768395643487972e-03 2.080170915287970958e-03 1.953649707788132628e-02 7.460186699148185774e-02
8.600000000000000000e+01 3.408110380401409376e-03 2.071242822388091268e-03 2.527151074905159556e-02 6.790154014867867682e-02
8.700000000000000000e+01 3.382515615016913266e-03 2.015300396429814574e-03 2.413203890252396677e-02 6.285817893338016549e-02
8.800000000000000000e+01 3.752038372691622863e-03 2.034120803896715193e-03 3.109344550851811384e-02 6.503786643338016482e-02
8.900000000000000000e+01 3.256449434387376999e-03 1.997486340385378877e-03 1.714295660144349309e-02 6.036599143338017281e-02
9.000000000000000000e+01 3.125863387953316166e-03 2.003956317965396947e-03 2.145693206780563411e-02 6.180889824148183553e-02
9.100000000000000000e+01 4.151533983641090240e-03 2.082995300348356241e-03 3.533080195576232541e-02 7.222927268338016904e-02
9.200000000000000000e+01 3.228979674940405959e-03 1.969660313396994367e-03 1.494764410144350242e-02 5.858122764867866594e-02
9.300000000000000000e+01 3.422407275203260494e-03 2.009078722196408658e-03 2.265502070576230764e-02 7.171364768338017726e-02
9.400000000000000000e+01 3.198683958082456594e-03 1.996842481578704406e-03 1.725267695576238047e-02 6.555763217003096610e-02
9.500000000000000000e+01 3.151008332212071935e-03 1.994835794219388964e-03 2.078428480071459195e-02 6.569021018338017104e-02
9.600000000000000000e+01 3.851035966093886362e-03 2.056160336597139503e-03 2.766208118440072194e-02 6.229607139867866794e-02
9.700000000000000000e+01 3.100379348658485225e-03 1.952447017330406591e-03 1.506323388274827257e-02 5.955739768338016993e-02
9.800000000000000000e+01 3.472396460770730588e-03 1.983376858078447508e-03 2.275260704501158582e-02 6.312419639867866694e-02
9.900000000000000000e+01 3.266457305215147815e-03 1.924317001644575359e-03 1.667008019307206212e-02 5.903396018338016860e-02
1.000000000000000000e+02 3.396526273553713074e-03 1.930890295931923057e-03 1.800325460617527296e-02 5.938552268338018192e-02
1.010000000000000000e+02 4.326683729787067154e-03 2.011036799035109245e-03 2.958172675851811206e-02 6.364724143338018614e-02
1.020000000000000000e+02 3.603605033204133629e-03 1.936872265059900750e-03 2.004036101993214580e-02 6.151052268338016993e-02
1.030000000000000000e+02 3.599807637106593617e-03 1.978909339539374531e-03 2.262772915026689535e-02 6.242849143338016771e-02
1.040000000000000000e+02 3.436889386554190396e-03 1.918759364096471855e-03 1.912662393246533643e-02 5.810075889867867549e-02
1.050000000000000000e+02 3.188934815047828313e-03 1.931487739418337934e-03 2.035026329501155029e-02 5.972966514867866783e-02
1.060000000000000000e+02 3.950269661808759013e-03 2.060250527353724506e-03 2.735026329501155651e-02 7.400811699148179823e-02
1.070000000000000000e+02 3.244402017927104642e-03 1.940182417222960105e-03 1.913151329501161513e-02 5.754981967003097720e-02
1.080000000000000000e+02 3.215428942348626425e-03 1.907266337311257177e-03 1.982860427175470175e-02 5.509685264867866805e-02
1.090000000000000000e+02 3.353850971677068468e-03 1.945077922980984961e-03 2.277604454501158671e-02 6.319825717003096921e-02
1.100000000000000000e+02 3.302376422000172316e-03 1.945600720015360939e-03 2.682842949148189771e-02 7.644825717003100873e-02
1.110000000000000000e+02 4.057824808338672713e-03 1.944874868621175286e-03 3.009146768246528936e-02 5.813161643338018991e-02
1.120000000000000000e+02 4.069158520709221204e-03 1.968065925499766413e-03 2.670012569357183008e-02 6.486463062313840844e-02
1.130000000000000000e+02 3.324204164360195033e-03 1.884285790396145101e-03 1.987979481834001305e-02 6.481130393338016549e-02
1.140000000000000000e+02 3.091579358258270821e-03 1.849129780510987142e-03 1.499348601993216734e-02 5.819802268338017393e-02
1.150000000000000000e+02 3.846391197776858912e-03 1.894021338702342938e-03 2.314720820576232629e-02 5.847536643338016593e-02
1.160000000000000000e+02 3.908239725636465829e-03 1.950429478733664958e-03 2.359958118440075303e-02 5.652654014867866672e-02
1.170000000000000000e+02 3.452597832963906141e-03 1.899292087944155988e-03 2.388581180642812551e-02 5.751033454032478121e-02
1.180000000000000000e+02 3.511986301920330678e-03 1.890110549129483172e-03 2.163594515252398320e-02 5.026872764867866550e-02
1.190000000000000000e+02 3.453152119578517792e-03 1.883001287643401534e-03 2.321326910144350109e-02 6.076052268338016926e-02
1.200000000000000000e+02 3.420494625567491523e-03 1.906607218965757035e-03 2.126448068632447175e-02 6.028005393338017881e-02
1.210000000000000000e+02 3.179464243292212666e-03 1.873978555458769794e-03 1.763661956780571138e-02 5.343780449148183287e-02
1.220000000000000000e+02 4.249368011644659958e-03 1.990526658208660593e-03 2.994373785144349709e-02 6.003005393338017859e-02
1.230000000000000000e+02 4.080855194890022075e-03 1.966938520921895570e-03 3.148710415026689802e-02 6.280352229487951021e-02
1.240000000000000000e+02 4.219393638646078831e-03 1.922088510834928793e-03 2.505907302175469642e-02 5.454997764867866583e-02
1.250000000000000000e+02 3.715927955854264608e-03 1.895858386469569069e-03 3.177536243440071129e-02 5.694060264867867316e-02
1.260000000000000000e+02 3.605632604132542711e-03 1.857990754748940114e-03 1.890143680642819568e-02 4.952654014867867438e-02
1.270000000000000000e+02 3.864997545245315268e-03 1.879355964321993006e-03 2.379735427175472262e-02 5.244841514867867871e-02
1.280000000000000000e+02 3.435535506882895010e-03 1.814373853333807029e-03 1.920672675851819999e-02 5.098708518338018747e-02
1.290000000000000000e+02 3.360451956377694029e-03 1.809906604993154981e-03 1.876497335617527407e-02 5.021794639867867283e-02
1.300000000000000000e+02 3.283340676404905220e-03 1.837048017277846884e-03 1.967854318632444866e-02 5.386599143338016704e-02
1.310000000000000000e+02 3.479077876221523848e-03 1.860246521400330758e-03 2.740111445576232096e-02 6.603786643338016571e-02
1.320000000000000000e+02 4.486348585459786799e-03 2.024460620788841834e-03 3.277265599487003134e-02 6.990505393338017348e-02
1.330000000000000000e+02 3.180798691613714955e-03 1.782416970250709628e-03 1.792512960617527462e-02 5.588552268338017881e-02
1.340000000000000000e+02 3.244004896614929856e-03 1.821966970519189053e-03 1.625042345769892038e-02 5.457716342003099408e-02
1.350000000000000000e+02 3.288834250375013285e-03 1.823293879621500557e-03 2.195837207788131629e-02 5.169841514867867804e-02
1.360000000000000000e+02 3.057293329193406465e-03 1.791267342335566611e-03 1.790662666971620798e-02 5.316827324148187817e-02
1.370000000000000000e+02 3.183411174596539623e-03 1.801836319437905617e-03 2.684365081780565321e-02 5.333106967003098386e-02
1.380000000000000000e+02 3.590827318907900950e-03 1.806034190214224561e-03 2.318349456780566253e-02 5.233904014867866994e-02
1.390000000000000000e+02 3.628638104477006042e-03 1.808647521169996731e-03 2.277647230071466744e-02 4.670622764867866927e-02
1.400000000000000000e+02 3.299033600715525760e-03 1.770483975027779865e-03 1.923927141819525843e-02 5.249880393338018925e-02
1.410000000000000000e+02 3.662878105592132314e-03 1.822480364967067655e-03 1.950117709973314684e-02 4.994450889867867172e-02
1.420000000000000000e+02 3.296258656223156804e-03 1.768323004903303922e-03 1.788088574905161154e-02 4.757639837620630807e-02
1.430000000000000000e+02 3.053408836147041006e-03 1.775183903816530137e-03 2.103336144307205169e-02 5.618389824148184442e-02
1.440000000000000000e+02 3.512243225930434913e-03 1.845348130421365024e-03 2.489335415026688869e-02 6.416677268338016882e-02
1.450000000000000000e+02 3.322318860713866385e-03 1.796677427999285315e-03 2.050162393246535153e-02 5.304822437313841399e-02
1.460000000000000000e+02 3.225885712870945818e-03 1.791406187878742239e-03 2.109789291366537256e-02 5.806671074148184175e-02
1.470000000000000000e+02 3.881200872486033956e-03 1.791113137946545673e-03 2.526270891819526465e-02 5.071013389867867760e-02
1.480000000000000000e+02 3.397316815835101783e-03 1.750058516170314689e-03 1.979955195576232896e-02 5.197927268338017881e-02
1.490000000000000000e+02 3.017044037091515165e-03 1.713710324501362863e-03 2.632689570576229876e-02 4.775700889867867671e-02
1.500000000000000000e+02 3.098149612044558392e-03 1.727165664334176119e-03 1.775099016819525755e-02 4.744450889867866950e-02
1.510000000000000000e+02 3.111404178744973589e-03 1.734231988005082185e-03 2.206127070576235916e-02 5.172950717003099719e-02
1.520000000000000000e+02 2.874510469614990817e-03 1.723379607329233272e-03 1.765537855071463991e-02 5.306544467003099230e-02
1.530000000000000000e+02 3.812199959021538454e-03 1.859138322019097348e-03 3.054987430642819302e-02 5.460186699148183997e-02
1.540000000000000000e+02 4.108895419027511903e-03 1.903615020295984506e-03 3.106120079501162312e-02 6.648467949148184619e-02
1.550000000000000000e+02 3.227351425665123206e-03 1.711074912920700769e-03 1.795672675851811562e-02 4.452654014867866994e-02
1.560000000000000000e+02 3.308064804754712838e-03 1.755406674081524910e-03 2.244843724487002867e-02 5.004958518338017970e-02
1.570000000000000000e+02 4.547456398516228765e-03 1.859180043913915246e-03 3.048280035144348976e-02 4.703005393338016704e-02
1.580000000000000000e+02 4.253322369677198928e-03 1.848305751373489859e-03 2.947498785144350708e-02 4.779041187313839978e-02
1.590000000000000000e+02 3.202997049039249186e-03 1.728418186806182514e-03 2.141639410144349775e-02 5.033030462620624590e-02
1.600000000000000000e+02 3.632935190045902957e-03 1.788585699940004048e-03 2.558112660919398262e-02 5.260857139867866628e-02
1.610000000000000000e+02 4.656511500665641221e-03 1.937266240543472498e-03 3.827643680642811574e-02 5.459014824148189504e-02
1.620000000000000000e+02 4.157612495067694938e-03 1.875285816769185028e-03 3.184245079501157871e-02 5.428435264867867427e-02
1.630000000000000000e+02 2.929760575554291729e-03 1.714382763564395278e-03 1.760383986589103555e-02 5.507639837620625922e-02
1.640000000000000000e+02 3.208689518185734151e-03 1.732639719745337125e-03 2.245606967003099808e-02 6.208888217003100118e-02
1.650000000000000000e+02 4.028905288877037902e-03 1.798604055011921755e-03 2.274700069357182830e-02 5.303786643338018192e-02
1.660000000000000000e+02 5.858716402521579360e-03 2.081181643437041151e-03 4.220665458028383110e-02 6.064333518338016482e-02
1.670000000000000000e+02 3.382564954443770342e-03 1.697265244611543579e-03 1.989942766819524644e-02 4.316325889867866916e-02
1.680000000000000000e+02 3.029762730631124692e-03 1.681158949124849549e-03 2.062760704501154230e-02 4.818669639867867449e-02
1.690000000000000000e+02 3.457525347846598235e-03 1.718196707532583479e-03 2.277213829501156805e-02 4.730779014867866894e-02
1.700000000000000000e+02 3.232817915732683067e-03 1.743460130933494360e-03 2.467448204501154763e-02 5.461749199148180356e-02
1.710000000000000000e+02 2.897995205248041217e-03 1.662916608095653436e-03 1.848698204501153519e-02 4.571013389867867316e-02
1.720000000000000000e+02 2.706357067691212825e-03 1.633713680589933548e-03 1.294639417571463724e-02 4.331169639867867016e-02
1.730000000000000000e+02 2.774358719364298370e-03 1.648166768276815601e-03 1.517545205746528847e-02 4.453786643338017437e-02
1.740000000000000000e+02 2.731992932960257154e-03 1.614131665514864557e-03 1.331998330746531067e-02 4.277263389867867749e-02
1.750000000000000000e+02 3.199132337499231617e-03 1.726072321414274472e-03 2.135038540026684695e-02 5.603546074148180178e-02
1.760000000000000000e+02 3.238109497896874637e-03 1.698126635563130225e-03 2.338984349487002734e-02 4.788611499813841266e-02
1.770000000000000000e+02 2.655804324501066967e-03 1.625796101508816208e-03 1.485033320576234495e-02 4.747491386648183820e-02
1.780000000000000000e+02 2.711858307966162271e-03 1.594292432497502413e-03 1.381384082788131296e-02 4.345232139867867549e-02
1.790000000000000000e+02 3.379862414131281755e-03 1.660636047189421047e-03 1.869110915560928676e-02 4.179997764867866838e-02
1.800000000000000000e+02 3.792377799355869678e-03 1.696524248733797917e-03 2.407293092365819787e-02 4.572575889867867838e-02
1.810000000000000000e+02 2.951824047943713697e-03 1.610478260069777385e-03 1.420833273117527717e-02 4.503239952367867061e-02
1.820000000000000000e+02 3.322732966728469961e-03 1.639433088664913555e-03 2.104852363351816802e-02 3.916325889867866561e-02
1.830000000000000000e+02 2.523252483085992783e-03 1.590476392634489547e-03 1.065622180940073438e-02 4.671404014867866494e-02
1.840000000000000000e+02 2.820416090795331392e-03 1.652279291668554747e-03 2.103419467003098120e-02 5.899513217003099497e-02
1.850000000000000000e+02 3.320480849731696250e-03 1.736992955269794177e-03 2.758428886648189859e-02 6.477569511648184619e-02
1.860000000000000000e+02 3.121306973241305162e-03 1.686267525327129427e-03 2.376280042571465856e-02 4.801836604487952354e-02
1.870000000000000000e+02 3.243469117789551676e-03 1.693696960030896103e-03 2.562577602526688869e-02 5.236622592003098431e-02
1.880000000000000000e+02 2.589633697210312960e-03 1.577527525223113491e-03 1.251014410144349331e-02 4.198357139867867072e-02
1.890000000000000000e+02 3.352023632179667104e-03 1.615456225949476500e-03 2.418914863351817601e-02 4.413396202367866894e-02
1.900000000000000000e+02 3.480088222335036771e-03 1.653604778798073265e-03 2.159440392001155118e-02 4.752010016532481895e-02
1.910000000000000000e+02 2.797559418665470157e-03 1.582089126238439905e-03 1.473567351993215757e-02 4.055193077367867660e-02
1.920000000000000000e+02 3.708965142899642471e-03 1.684994571061533769e-03 2.767849546225487067e-02 4.398357139867867249e-02
1.930000000000000000e+02 2.859748226134303187e-03 1.590519643638043778e-03 1.812634082788130985e-02 4.374333702367867727e-02
1.940000000000000000e+02 2.659210708799975269e-03 1.574522972039537911e-03 1.654369258076238136e-02 4.225896202367866727e-02
1.950000000000000000e+02 2.729063160380021651e-03 1.613401402392642629e-03 1.758280727526689846e-02 5.219044467003097765e-02
1.960000000000000000e+02 3.708156314676044982e-03 1.742265433732190574e-03 3.190116665026687670e-02 5.794825717003099230e-02
1.970000000000000000e+02 2.747487938893939004e-03 1.613530516243092718e-03 1.720041078774514620e-02 4.796583529503101184e-02
1.980000000000000000e+02 2.592048809326062773e-03 1.593845369800541518e-03 1.334813552175473372e-02 5.012139824148187373e-02
1.990000000000000000e+02 2.612603787791275157e-03 1.571820857925220697e-03 1.617259883076238580e-02 4.388611499813840910e-02
2.000000000000000000e+02 3.089664397589105081e-03 1.601073629817914568e-03 1.740338993142809265e-02 4.487029014867867371e-02
2.010000000000000000e+02 3.279833103418974567e-03 1.605643089306787790e-03 2.617674282996901303e-02 4.248552452367866661e-02
2.020000000000000000e+02 3.769126450468521239e-03 1.671883690111237346e-03 2.545193296225484181e-02 4.236247764867867582e-02
2.030000000000000000e+02 3.448809076818974088e-03 1.604748794214977013e-03 2.518260220496898460e-02 4.063552268338016527e-02
2.040000000000000000e+02 3.462518435053968911e-03 1.627719740589419128e-03 2.336619595496897128e-02 4.148747764867867505e-02
2.050000000000000000e+02 3.495949581162600614e-03 1.661154847266788602e-03 2.348865972644348377e-02 4.862771018338016282e-02
2.060000000000000000e+02 3.450936415531141548e-03 1.687179604211026503e-03 2.755587953774513155e-02 4.884669467003099896e-02
2.070000000000000000e+02 3.090072233718789245e-03 1.635776960583698331e-03 2.230624098450856296e-02 4.885820979487950910e-02
2.080000000000000000e+02 2.791967922929388096e-03 1.602287538139368119e-03 1.704999974487003689e-02 4.819171074148187461e-02
2.090000000000000000e+02 3.662234391590382405e-03 1.715918296520037561e-03 2.896159142001153430e-02 6.429132011648186484e-02
2.100000000000000000e+02 2.706421636291422850e-03 1.572185079623029990e-03 1.659412666971621375e-02 4.584685264867867371e-02
2.110000000000000000e+02 3.681145088946703985e-03 1.680661851432064136e-03 2.832693296225485824e-02 4.160271202367867016e-02
2.120000000000000000e+02 3.188871781709160316e-03 1.578946600449767507e-03 2.095086738351814581e-02 4.286638389867866716e-02
2.130000000000000000e+02 2.555847919359568923e-03 1.523270992933462194e-03 1.248164827752396011e-02 4.407692893338016615e-02
2.140000000000000000e+02 4.472327657956896331e-03 1.732449734448845763e-03 2.995672675851812627e-02 4.030544455838017126e-02
2.150000000000000000e+02 4.331215451104283506e-03 1.722182922349137441e-03 2.960516425851811295e-02 4.299099143338017126e-02
2.160000000000000000e+02 3.304561447560062058e-03 1.615646629978190370e-03 2.495976040026687270e-02 4.721755393338017415e-02
2.170000000000000000e+02 3.114545572094536054e-03 1.607198609227419818e-03 2.415862230472609617e-02 4.434669467003099497e-02
2.180000000000000000e+02 2.753454429770795138e-03 1.561913160182212173e-03 1.846526292972605621e-02 4.706866386648189682e-02
2.190000000000000000e+02 3.522809319081039378e-03 1.674907805647693525e-03 2.750456017001157161e-02 4.846736579032479009e-02
2.200000000000000000e+02 2.407743723788295740e-03 1.530414415739718382e-03 1.372364779503099097e-02 5.027638217003099763e-02
2.210000000000000000e+02 3.365402118350120046e-03 1.638952744366005843e-03 2.600690555642815038e-02 4.386553886648181244e-02
2.220000000000000000e+02 2.418939653855793452e-03 1.520820475993500892e-03 1.488194105071460882e-02 3.968389824148188527e-02
2.230000000000000000e+02 2.728631522618138027e-03 1.546491570090711282e-03 1.833163160950856962e-02 4.220781916987950688e-02
2.240000000000000000e+02 3.422682378012621447e-03 1.612278339765754352e-03 2.254452223450859050e-02 4.789531916987951887e-02
2.250000000000000000e+02 2.956840596949298228e-03 1.544731779416884257e-03 2.077892020528382400e-02 4.181911643338018236e-02
2.260000000000000000e+02 3.063233178506291187e-03 1.543187301488959133e-03 1.863250800851812272e-02 4.149294455838017925e-02
2.270000000000000000e+02 2.609514931606171390e-03 1.493761127964906600e-03 1.442064570576229166e-02 3.910857139867866816e-02
2.280000000000000000e+02 2.637315169865736813e-03 1.536166368377110117e-03 1.787174767001153963e-02 4.681111579032481984e-02
2.290000000000000000e+02 3.076531598878421651e-03 1.582743607947300745e-03 2.037565392001161602e-02 4.398747764867867727e-02
2.300000000000000000e+02 2.403019645216392195e-03 1.516376740770027836e-03 1.452381597644350486e-02 4.341677268338017814e-02
2.310000000000000000e+02 2.232268934798948244e-03 1.483831508424930754e-03 1.153157424089107375e-02 3.873341342003100429e-02
2.320000000000000000e+02 2.533037230527771053e-03 1.517041369981676378e-03 1.474429894307205391e-02 3.902561712620633561e-02
2.330000000000000000e+02 2.815694028949125311e-03 1.519284859775397014e-03 1.608869943632440513e-02 3.656189624813840910e-02
2.340000000000000000e+02 3.148384120295551897e-03 1.527869249033192997e-03 1.948992988351816447e-02 3.589568077367867593e-02
2.350000000000000000e+02 3.100081173937229394e-03 1.542540897248111109e-03 2.063909105472605532e-02 3.488005577367866983e-02
2.360000000000000000e+02 2.632045870051239779e-03 1.490106402662721248e-03 1.664110427175474749e-02 3.768864952367867449e-02
2.370000000000000000e+02 2.300857406407392017e-03 1.489760481693760529e-03 1.206349154503100207e-02 4.747364779503099319e-02
2.380000000000000000e+02 2.485117608609755703e-03 1.490409266813359432e-03 2.061205195576232274e-02 4.262327337620630541e-02
2.390000000000000000e+02 2.519865837507255860e-03 1.508654945307717418e-03 1.843740081780564921e-02 3.957061699148189948e-02
2.400000000000000000e+02 2.360272343025818318e-03 1.485852218026838950e-03 1.552569511648183020e-02 5.103155449148188971e-02
2.410000000000000000e+02 2.904973713501087570e-03 1.562050324547481061e-03 2.184884828774513732e-02 5.207716342003099186e-02
2.420000000000000000e+02 3.397417438227787190e-03 1.598740283186602393e-03 2.453358160144350486e-02 4.823320979487952243e-02
2.430000000000000000e+02 2.382619544395953547e-03 1.472919924644036736e-03 1.587572383076230054e-02 4.659841330838018769e-02
2.440000000000000000e+02 2.371255024950991424e-03 1.474869118350027441e-03 1.438008577752397654e-02 4.037327337620633116e-02
2.450000000000000000e+02 4.052876669344603576e-03 1.669076785857805069e-03 3.108865171225488888e-02 4.646345954032482517e-02
2.460000000000000000e+02 4.176977613011537485e-03 1.718403680230704087e-03 3.818854618142819568e-02 5.006892829032477676e-02
2.470000000000000000e+02 2.886322205734176416e-03 1.499970047285650648e-03 1.800313265252395656e-02 3.793474327367866994e-02
2.480000000000000000e+02 2.653714276676606264e-03 1.457557404682289148e-03 1.996388079319524889e-02 3.482732139867866783e-02
2.490000000000000000e+02 4.940263677131436285e-03 1.817581821777407161e-03 3.707694790026688780e-02 5.008474143338018103e-02
2.500000000000000000e+02 5.557538298893950277e-03 1.944354105293396532e-03 4.461028194357186116e-02 5.093146376234911066e-02
2.510000000000000000e+02 2.652380251908788289e-03 1.488023645969361762e-03 1.941005706780563056e-02 3.606384937313841799e-02
2.520000000000000000e+02 2.397581901342364218e-03 1.495539747996414964e-03 2.122151193632448862e-02 4.518780449148185330e-02
2.530000000000000000e+02 3.778782744494800505e-03 1.670252387133680690e-03 2.862301868440075836e-02 5.937335136648180800e-02
2.540000000000000000e+02 3.966158975447423365e-03 1.687348127831864858e-03 3.540299767001153786e-02 5.505916266532479009e-02
2.550000000000000000e+02 2.833597221721972578e-03 1.516289507610855351e-03 1.759618239675470042e-02 3.844366386648179201e-02
2.560000000000000000e+02 2.804112475386271244e-03 1.500103765396633470e-03 1.551667118142818769e-02 3.420147636648185330e-02
2.570000000000000000e+02 2.572009576955081468e-03 1.467139682421515464e-03 1.301887664493214802e-02 3.889958702367866950e-02
2.580000000000000000e+02 2.998109487063728863e-03 1.539483591557113534e-03 2.016444097644348732e-02 4.392653830838016971e-02
2.590000000000000000e+02 5.095319193058475520e-03 1.866579192178381003e-03 3.737786006857191090e-02 5.562774104487952509e-02
2.600000000000000000e+02 4.990004090833772936e-03 1.798743917144736025e-03 3.769426631857186738e-02 4.424212911645186708e-02
2.610000000000000000e+02 2.393859943915134340e-03 1.438781520572174864e-03 1.213738404865821741e-02 3.413499212620629830e-02
2.620000000000000000e+02 2.849468660115732008e-03 1.464367176086798193e-03 1.932782050851811206e-02 3.661833702367867094e-02
2.630000000000000000e+02 4.466901155583586497e-03 1.753584251882383312e-03 3.329568296225488000e-02 5.134041266532479719e-02
2.640000000000000000e+02 3.608089859163175588e-03 1.639398711414455801e-03 2.985026329501161424e-02 4.751424079032479098e-02
2.650000000000000000e+02 2.718685191713410103e-03 1.511079010392688471e-03 2.091639229471620176e-02 4.318780449148185152e-02
2.660000000000000000e+02 3.026123632871326012e-03 1.550964928882982413e-03 2.455378055642809532e-02 4.001983574148182399e-02
2.670000000000000000e+02 3.000141415488308261e-03 1.549908389907360753e-03 2.380546352526685672e-02 4.598536654503099230e-02
2.680000000000000000e+02 4.352514034845038349e-03 1.733498487797423748e-03 3.783517641274514176e-02 4.738988537737803819e-02
2.690000000000000000e+02 3.416869393090742144e-03 1.562854458309034193e-03 2.836210415026685361e-02 4.059314624813839534e-02
2.700000000000000000e+02 3.220946355575559587e-03 1.555185877001315697e-03 2.322733852526687182e-02 4.455938166987952198e-02
2.710000000000000000e+02 3.317407017696493224e-03 1.536606849250613449e-03 2.432539036987002579e-02 4.144411643338016815e-02
2.720000000000000000e+02 5.002792110848898466e-03 1.781665476622659944e-03 4.179177671225486890e-02 4.022127204032477366e-02
2.730000000000000000e+02 5.122587144806018365e-03 1.829698638781138489e-03 4.395583921225487689e-02 4.512752204032477454e-02
2.740000000000000000e+02 3.757713451891666213e-03 1.602648649446842578e-03 2.673122983725484403e-02 3.797380577367867605e-02
2.750000000000000000e+02 2.821355258008327160e-03 1.496958396654403389e-03 1.851443296225485646e-02 4.308260016532478032e-02
2.760000000000000000e+02 2.357402758113500991e-03 1.448809984351663452e-03 1.899903842003097809e-02 5.137013217003100207e-02
2.770000000000000000e+02 3.477636666201999478e-03 1.608910882165472036e-03 3.802256605071463458e-02 5.052227229487951665e-02
2.780000000000000000e+02 3.924487770520405233e-03 1.672634930045342923e-03 3.150703099487001113e-02 5.616505404503097099e-02
2.790000000000000000e+02 4.216660286127740971e-03 1.705922935659129943e-03 3.439921352526686960e-02 5.140117854487952220e-02
2.800000000000000000e+02 2.091997383178349247e-03 1.411829940023961094e-03 1.338353633076239113e-02 3.655567904503098653e-02
2.810000000000000000e+02 2.267339489421771933e-03 1.405040576731769741e-03 1.189134883076237159e-02 3.798357139867866716e-02
2.820000000000000000e+02 3.098445562305639136e-03 1.498717294512130066e-03 2.314518517001162845e-02 3.603181891532480918e-02
2.830000000000000000e+02 3.705872306387691072e-03 1.555040918863880755e-03 2.561990171225486668e-02 3.709880577367867527e-02
2.840000000000000000e+02 3.361986992765347328e-03 1.535042024152215735e-03 2.516316943951119045e-02 3.495564704032477765e-02
2.850000000000000000e+02 3.736154602109654447e-03 1.585904078216933974e-03 2.829010868142811663e-02 4.009431891532477810e-02
2.860000000000000000e+02 2.675165686755495102e-03 1.441447978693190723e-03 2.069032457428532368e-02 3.397686699148183553e-02
2.870000000000000000e+02 3.629173577192975134e-03 1.584065826628925852e-03 2.741106319357189403e-02 4.246950705838017925e-02
2.880000000000000000e+02 3.741649514757323242e-03 1.612256080824049122e-03 2.960194097644350264e-02 4.291541187313840933e-02
2.890000000000000000e+02 3.690284463510969462e-03 1.619345253645103734e-03 3.257108852526685583e-02 4.795642749813841532e-02
2.900000000000000000e+02 4.135838446184238182e-03 1.686930933779614943e-03 3.375119203774512577e-02 4.200511975237802842e-02
2.910000000000000000e+02 2.466455522780618918e-03 1.462363497843672047e-03 1.684483167571459994e-02 4.590724154503100785e-02
2.920000000000000000e+02 4.571409931615397909e-03 1.747076970877968699e-03 3.894997983725484447e-02 4.544197516532477721e-02
2.930000000000000000e+02 3.500106735003145810e-03 1.538042083629900846e-03 2.558711459973311841e-02 4.634822516532477454e-02
2.940000000000000000e+02 3.168922608234445246e-03 1.515217151091435930e-03 2.618659305642812019e-02 4.087166266532482606e-02
2.950000000000000000e+02 2.511679410153170710e-03 1.418806841489867691e-03 1.513184954319524156e-02 3.770427452367866583e-02
2.960000000000000000e+02 2.987021309800942138e-03 1.471583262894379058e-03 2.518254756857185583e-02 3.798220237088018036e-02
2.970000000000000000e+02 2.327205390327474928e-03 1.384714914108137922e-03 1.967188860569524245e-02 3.527068077367867538e-02
2.980000000000000000e+02 2.411408429168733838e-03 1.395147897499083960e-03 1.713966204319525288e-02 3.474978049588017814e-02
2.990000000000000000e+02 2.112936491582434202e-03 1.366479422577467247e-03 1.372462298069523912e-02 3.261052452367867172e-02
3.000000000000000000e+02 2.246669413378473128e-03 1.380083461870882083e-03 1.272887989038132273e-02 3.350700889867867793e-02
3.010000000000000000e+02 1.975767591029286945e-03 1.363065975038990629e-03 9.983771437969052309e-03 3.221404014867866594e-02
3.020000000000000000e+02 2.113799634856168043e-03 1.404107365817267028e-03 1.330338829501154230e-02 4.313995292898187284e-02
3.030000000000000000e+02 2.238308477554611792e-03 1.412799412466085765e-03 1.644464042898186040e-02 4.832257011648188882e-02
3.040000000000000000e+02 2.245802919605490583e-03 1.407209107733886676e-03 1.607940605398183731e-02 4.915460136648186484e-02
3.050000000000000000e+02 2.171153075350172167e-03 1.390641393393928513e-03 1.322401128894348799e-02 4.129981967003099053e-02
3.060000000000000000e+02 2.251535554705037800e-03 1.363334361746332008e-03 1.164281478866535657e-02 3.781657921117867471e-02
3.070000000000000000e+02 2.459309223398339992e-03 1.393627205576295283e-03 1.746131597644348665e-02 3.725856955838016682e-02
3.080000000000000000e+02 3.299099727653651091e-03 1.514600282208028491e-03 2.326795660144348465e-02 3.849688166987952354e-02
3.090000000000000000e+02 2.587451993338048695e-03 1.391260282910961000e-03 1.978680488351813871e-02 3.105056174588016749e-02
3.100000000000000000e+02 2.748702187202733353e-03 1.424255604242511634e-03 2.210163211892812729e-02 3.743571983617867416e-02
3.110000000000000000e+02 2.052765601761336739e-03 1.355634055027755231e-03 1.545497894280567497e-02 3.191228233617866838e-02
3.120000000000000000e+02 2.390763670460518877e-03 1.409804431668819141e-03 1.787106555940076724e-02 3.901104667898180889e-02
3.130000000000000000e+02 2.085921340228620580e-03 1.376982244535437808e-03 1.306029414326237426e-02 3.986329623253098697e-02
3.140000000000000000e+02 2.913341678171431186e-03 1.482509072071130658e-03 2.448124477526686382e-02 4.530763217003097587e-02
3.150000000000000000e+02 1.861794294822052354e-03 1.352462741978885255e-03 1.076424079032478609e-02 3.832732139867867094e-02
3.160000000000000000e+02 2.107044863067080234e-03 1.359218375013836752e-03 1.093034142001159115e-02 3.585466514867867438e-02
3.170000000000000000e+02 2.567923471675661370e-03 1.391366314768885653e-03 1.577052141819523801e-02 3.108220421117867394e-02
3.180000000000000000e+02 2.128212543003406114e-03 1.343963235677399790e-03 1.303907610569524089e-02 3.041931812313841688e-02
