ARMA_MAT_TXT_FN008
1000 1
  -2.3520325453412189e-01
  -2.3319734641706419e-01
  -2.2228018075006747e-01
  -2.2249786628315013e-01
  -2.2633502821146295e-01
  -2.2151900366537866e-01
  -2.1611534293897730e-01
  -2.1406315401138362e-01
  -2.1357338224694222e-01
  -2.1302376526796346e-01
  -2.1318751166675601e-01
  -2.1466435347478954e-01
  -2.1247662819950114e-01
  -2.1483548124531199e-01
  -2.1115898244200926e-01
  -2.2165443329873311e-01
  -2.1271015507423899e-01
  -2.0303387783413385e-01
  -2.0539736420987892e-01
  -2.1471520303875705e-01
  -2.1244265431736861e-01
  -2.1709015149887845e-01
  -2.2113859326773527e-01
  -2.1498175045705228e-01
  -2.1702193250411142e-01
  -2.2549698118509895e-01
  -2.1543188059618801e-01
  -2.2699010782968904e-01
  -2.2105839897775423e-01
  -2.2545754763292694e-01
  -2.2408230788289701e-01
  -2.2058112596746132e-01
  -2.2478155652289347e-01
  -2.3302530445779790e-01
  -2.3201263764955393e-01
  -2.3118591134852545e-01
  -2.3399445880615671e-01
  -2.3781947376102749e-01
  -2.4236600592961108e-01
  -2.3849294193387635e-01
  -2.4586393264389084e-01
  -2.4240588686727424e-01
  -2.4317863404826909e-01
  -2.4453422709913306e-01
  -2.4214469952313711e-01
  -2.4910526513894224e-01
  -2.4897788596226006e-01
  -2.4560209098103569e-01
  -2.5248769179152442e-01
  -2.5182223477609761e-01
  -2.5392939842358275e-01
  -2.4824528495073434e-01
  -2.5581584828468551e-01
  -2.5922116996101707e-01
  -2.6301133916194924e-01
  -2.6725285698430068e-01
  -2.6829008383645025e-01
  -2.6302145939783833e-01
  -2.7129787537904887e-01
  -2.6398525823842395e-01
  -2.7470021450929805e-01
  -2.7299767301400901e-01
  -2.7337030412345575e-01
  -2.7407187128088545e-01
  -2.8508695313467325e-01
  -2.8023283257153153e-01
  -2.8526600966782673e-01
  -2.8549203127172090e-01
  -2.8584943592428219e-01
  -2.8909065056269656e-01
  -2.9619092438317463e-01
  -2.9181258946164068e-01
  -2.8432261474400672e-01
  -2.8733205962274266e-01
  -2.9375201375005938e-01
  -2.9892879793296251e-01
  -2.9873331709227635e-01
  -3.0046347721426281e-01
  -3.0710321716922512e-01
  -2.9888311390416328e-01
  -3.0607315252412781e-01
  -3.0256808817657943e-01
  -3.0726953785823008e-01
  -3.0998357646912744e-01
  -3.1308065131770374e-01
  -3.1364738108085655e-01
  -3.1046582565226677e-01
  -3.1487995679280484e-01
  -3.1833402460707277e-01
  -3.1683063626036900e-01
  -3.1257182485634372e-01
  -3.2113098434300957e-01
  -3.2333845458312738e-01
  -3.1861735978866351e-01
  -3.2834090333163052e-01
  -3.2369462266509907e-01
  -3.2434527622320181e-01
  -3.3201335097935769e-01
  -3.2702427892649599e-01
  -3.3362515664946479e-01
  -3.3603390628784230e-01
  -3.3775564346978465e-01
  -3.3835302319273991e-01
  -3.3084606636052438e-01
  -3.3862900730429540e-01
  -3.4624907083867695e-01
  -3.4079819770773584e-01
  -3.4758974430326334e-01
  -3.4975440090974769e-01
  -3.4403195998693992e-01
  -3.5257843327686189e-01
  -3.5348798937050591e-01
  -3.5493881942860794e-01
  -3.5643878057232620e-01
  -3.5124205585551310e-01
  -3.5930752712895603e-01
  -3.5592608555701138e-01
  -3.5491626412019789e-01
  -3.6148429817194450e-01
  -3.6504784367988569e-01
  -3.6512257813396459e-01
  -3.7632927198471250e-01
  -3.6332299453159062e-01
  -3.6411965002576624e-01
  -3.6709721670114959e-01
  -3.7346047454242415e-01
  -3.7984200511833649e-01
  -3.7790749562793841e-01
  -3.7383726943545753e-01
  -3.7551883492979471e-01
  -3.7452416751373885e-01
  -3.7853591750461107e-01
  -3.7844008893544595e-01
  -3.7887502317619720e-01
  -3.8134902426282430e-01
  -3.7847133161867125e-01
  -3.8705653909750842e-01
  -3.8142254571302442e-01
  -3.8507193219572161e-01
  -3.8604056962690986e-01
  -3.9079223548191305e-01
  -3.8660372911727625e-01
  -3.9052100127206024e-01
  -3.8972589656593998e-01
  -3.9426603520543024e-01
  -3.8685321982510157e-01
  -3.8951715639641471e-01
  -3.9718362493077147e-01
  -4.0450542135700307e-01
  -4.0094570560629583e-01
  -4.0190525176145381e-01
  -3.9174540436062838e-01
  -3.9998431676367918e-01
  -4.0366946005747278e-01
  -4.0746597010308683e-01
  -4.1157773909761253e-01
  -4.1048405370901192e-01
  -4.0980505961949787e-01
  -3.9733597439837270e-01
  -4.1225229801059066e-01
  -4.1343340411793150e-01
  -4.0896596373536720e-01
  -4.1655471122352167e-01
  -4.2116481750876966e-01
  -4.1396971675498628e-01
  -4.1191457649008090e-01
  -4.2032996652655646e-01
  -4.1370482285363280e-01
  -4.1333201679503773e-01
  -4.1982311983973258e-01
  -4.2046852532600953e-01
  -4.1942939593279333e-01
  -4.2457297974620006e-01
  -4.2468840836085009e-01
  -4.2604867149106274e-01
  -4.2471872739685612e-01
  -4.2854668296463522e-01
  -4.2543216965592873e-01
  -4.2851265069437650e-01
  -4.2891605923005771e-01
  -4.2643273821461897e-01
  -4.3124886356492470e-01
  -4.3220585446909054e-01
  -4.3187426489747222e-01
  -4.3959971556905314e-01
  -4.3725937326144831e-01
  -4.3886071279317795e-01
  -4.3771056902511907e-01
  -4.3661240302771431e-01
  -4.3629781484302166e-01
  -4.3493623576994633e-01
  -4.4118396653132785e-01
  -4.3963966526176773e-01
  -4.3883587973430149e-01
  -4.4074235539420609e-01
  -4.4547071842284713e-01
  -4.4222807421008992e-01
  -4.4138704361073033e-01
  -4.4135480380329573e-01
  -4.4438382309735514e-01
  -4.4621673868971645e-01
  -4.4966942476278243e-01
  -4.4818384203621964e-01
  -4.4444106271773770e-01
  -4.5199818683263382e-01
  -4.5837373109443780e-01
  -4.5192196063636236e-01
  -4.5688602149587404e-01
  -4.5401445008347380e-01
  -4.5353258783021094e-01
  -4.5786319324671437e-01
  -4.6173623658496643e-01
  -4.5713393598773344e-01
  -4.5966973040835135e-01
  -4.5698697792801257e-01
  -4.6260586238511225e-01
  -4.6192623656916021e-01
  -4.6271914905481282e-01
  -4.6235964562537113e-01
  -4.6061163321666138e-01
  -4.6182805687484779e-01
  -4.6433153174498559e-01
  -4.6170207553214659e-01
  -4.7127223107329991e-01
  -4.6599262186269264e-01
  -4.7241675223346186e-01
  -4.6362140870318069e-01
  -4.7109010533034307e-01
  -4.6640385768554199e-01
  -4.6345636457672917e-01
  -4.6832008912067830e-01
  -4.6752991935278088e-01
  -4.6771798538503817e-01
  -4.6760482677719417e-01
  -4.6670787058379376e-01
  -4.6796262695282648e-01
  -4.7440309814389675e-01
  -4.7658916056366996e-01
  -4.7183529980953970e-01
  -4.7907145623292247e-01
  -4.8215199356640215e-01
  -4.8145218684120217e-01
  -4.7770960924346056e-01
  -4.7904302731000981e-01
  -4.7927274318622337e-01
  -4.8254915965805728e-01
  -4.7802949765512842e-01
  -4.8307969891855645e-01
  -4.7792842364939769e-01
  -4.8485815733886223e-01
  -4.8430573857503789e-01
  -4.8451066088265804e-01
  -4.8595967627430947e-01
  -4.8828182846639639e-01
  -4.8359198815491189e-01
  -4.8705390950358807e-01
  -4.8582741687122716e-01
  -4.8968946467914182e-01
  -4.8867279819430487e-01
  -4.8887117025746457e-01
  -4.8882175312439641e-01
  -4.9121187120951393e-01
  -4.8814329208342561e-01
  -4.9143363804456969e-01
  -4.9010544954404706e-01
  -4.9387558864405617e-01
  -4.9322854656879134e-01
  -4.9288182487473248e-01
  -4.9396133957772698e-01
  -4.9217258687130222e-01
  -4.9828719659815851e-01
  -4.9316002175046042e-01
  -4.9422484342391537e-01
  -4.9194472943582213e-01
  -4.9879222774892734e-01
  -4.9707761958024910e-01
  -4.9482157979083741e-01
  -4.9636886931956525e-01
  -5.0257259267433452e-01
  -5.0063508914739119e-01
  -5.0307732288935447e-01
  -4.9949250756637503e-01
  -4.9954768853810294e-01
  -5.0318742103016734e-01
  -5.0331269722698824e-01
  -5.0620859819271191e-01
  -5.0309942043347577e-01
  -5.0041171140074803e-01
  -5.0621177246740245e-01
  -5.0689292071023340e-01
  -5.0450290579203649e-01
  -5.0609173108935435e-01
  -5.0592233832363354e-01
  -5.0855089895611705e-01
  -5.0830786980540033e-01
  -5.0903828961530195e-01
  -5.0830195159502123e-01
  -5.0977966529405749e-01
  -5.1356207133538057e-01
  -5.0956581089315645e-01
  -5.1070452714564307e-01
  -5.1040271272434423e-01
  -5.1278802106067467e-01
  -5.0984916352238541e-01
  -5.1337462915888965e-01
  -5.1265525354599706e-01
  -5.1481698735145820e-01
  -5.1438450507557987e-01
  -5.1493415590230052e-01
  -5.1329681335397992e-01
  -5.1414688877532311e-01
  -5.1436926074550837e-01
  -5.1730364251542027e-01
  -5.1597614791945012e-01
  -5.1615363774355549e-01
  -5.1447906903405649e-01
  -5.1667835788845429e-01
  -5.1789925726861274e-01
  -5.1591757469789412e-01
  -5.1760797614460696e-01
  -5.2020672822849734e-01
  -5.1996246012535119e-01
  -5.1916248655140140e-01
  -5.2021860739350412e-01
  -5.2216935489925365e-01
  -5.1954321078903398e-01
  -5.2021448006296778e-01
  -5.2343383116428577e-01
  -5.1950158433190730e-01
  -5.2411211167565785e-01
  -5.2267576525635118e-01
  -5.2166069677943827e-01
  -5.2471584133730798e-01
  -5.2303216110683215e-01
  -5.2505994904977416e-01
  -5.2566726380461326e-01
  -5.2489179554734056e-01
  -5.2699708636693854e-01
  -5.2969728352310408e-01
  -5.2504858695076828e-01
  -5.3096979589936932e-01
  -5.2619646368467110e-01
  -5.2796059825386543e-01
  -5.2883690705614284e-01
  -5.2876009715180461e-01
  -5.2994770626199461e-01
  -5.2744665958374815e-01
  -5.2836831273783402e-01
  -5.2870016476717507e-01
  -5.3276227674900711e-01
  -5.3228353349560820e-01
  -5.3148936159775639e-01
  -5.3254241386300805e-01
  -5.3399685685010223e-01
  -5.3325181164080182e-01
  -5.3183996117206922e-01
  -5.3400739228202410e-01
  -5.3506465495811251e-01
  -5.3408086904273355e-01
  -5.3571856060903522e-01
  -5.3560304181060547e-01
  -5.3346760409213612e-01
  -5.3559611433817578e-01
  -5.3832970062501140e-01
  -5.3629112987748517e-01
  -5.3702495496178049e-01
  -5.3529539954053107e-01
  -5.3774298326433634e-01
  -5.3706272385670462e-01
  -5.3814575964511413e-01
  -5.3754186665710524e-01
  -5.3986973865900934e-01
  -5.3959016014308148e-01
  -5.4032642424194532e-01
  -5.4081694736693731e-01
  -5.3997116319700322e-01
  -5.4069471762390464e-01
  -5.3907296886638734e-01
  -5.4059551324183874e-01
  -5.4015286443866639e-01
  -5.4171675435456590e-01
  -5.4213971640852254e-01
  -5.4165675080837783e-01
  -5.4269211518865734e-01
  -5.4354790887771587e-01
  -5.4248494659896218e-01
  -5.4429749748250322e-01
  -5.4404556069938148e-01
  -5.4337032989982303e-01
  -5.4339521565802262e-01
  -5.4385906343881907e-01
  -5.4589218689519969e-01
  -5.4430153895945299e-01
  -5.4802472217527498e-01
  -5.4579261642145160e-01
  -5.4597260917113855e-01
  -5.4648728642759237e-01
  -5.4661802505478829e-01
  -5.4568834611353934e-01
  -5.4789494641043179e-01
  -5.4900515123352134e-01
  -5.4854738396239999e-01
  -5.4781200992866064e-01
  -5.4902145854208262e-01
  -5.4874592654892762e-01
  -5.5082930039909828e-01
  -5.4844148459933717e-01
  -5.4903011755391251e-01
  -5.4843403337652352e-01
  -5.4988595069575119e-01
  -5.5187661459566417e-01
  -5.5067699532548220e-01
  -5.5132819888929929e-01
  -5.5294077233909600e-01
  -5.5154251612248506e-01
  -5.5162072308374499e-01
  -5.5289926330408556e-01
  -5.5258466851122490e-01
  -5.5425311291551516e-01
  -5.5232127938020514e-01
  -5.5406549236070657e-01
  -5.5307356751109449e-01
  -5.5440514557351583e-01
  -5.5311245572201784e-01
  -5.5313031964427051e-01
  -5.5494697118077563e-01
  -5.5597976052301468e-01
  -5.5489418024315362e-01
  -5.5572623760296291e-01
  -5.5479933880506105e-01
  -5.5601530363675289e-01
  -5.5796910628660323e-01
  -5.5646071860858415e-01
  -5.5633181622641670e-01
  -5.5696073648008282e-01
  -5.5760699522773571e-01
  -5.5527801003428690e-01
  -5.5673690279566923e-01
  -5.5580239035786150e-01
  -5.5703776613396350e-01
  -5.5693776526708272e-01
  -5.5565925481483425e-01
  -5.5964640438680102e-01
  -5.5771298391745816e-01
  -5.5820960193643865e-01
  -5.5835683944296144e-01
  -5.5794558570260488e-01
  -5.5877637398650559e-01
  -5.5777439145865548e-01
  -5.5898748541684840e-01
  -5.5893111894129088e-01
  -5.5960274210348426e-01
  -5.6311012125849635e-01
  -5.6101704432757482e-01
  -5.6265314814497647e-01
  -5.6130898994468192e-01
  -5.6141283348791893e-01
  -5.6205220435745196e-01
  -5.6299219255750366e-01
  -5.6283627140049086e-01
  -5.6374470245270769e-01
  -5.6418015771746133e-01
  -5.6207008307681239e-01
  -5.6324666399695211e-01
  -5.6543375568913157e-01
  -5.6341749934389473e-01
  -5.6274246563872754e-01
  -5.6488004540265524e-01
  -5.6511143429573885e-01
  -5.6552960497846005e-01
  -5.6586767972587515e-01
  -5.6405928416530560e-01
  -5.6515794358204707e-01
  -5.6500775677080528e-01
  -5.6663378878463577e-01
  -5.6584600438705590e-01
  -5.6499697556905015e-01
  -5.6604040208135398e-01
  -5.6415844291853467e-01
  -5.6562428947857146e-01
  -5.6505797567214844e-01
  -5.6897070058941912e-01
  -5.6776312997799039e-01
  -5.6795134747940923e-01
  -5.6808596542973022e-01
  -5.6689799717235123e-01
  -5.6741459013114137e-01
  -5.6717645783788306e-01
  -5.6875783603511176e-01
  -5.6819183913575966e-01
  -5.6973290128050980e-01
  -5.6807476337984486e-01
  -5.6944908240361958e-01
  -5.6970335050458909e-01
  -5.6821044699011891e-01
  -5.6947100030629938e-01
  -5.6961717665833445e-01
  -5.6786118116929762e-01
  -5.6926086416703958e-01
  -5.6976068177270356e-01
  -5.7091344833288327e-01
  -5.6868238338947041e-01
  -5.7130743627912650e-01
  -5.7015632032184771e-01
  -5.7122003256868481e-01
  -5.7085042583270562e-01
  -5.7169543127845301e-01
  -5.7190560462630646e-01
  -5.7116614154996892e-01
  -5.7143738510241326e-01
  -5.7355237144932503e-01
  -5.7293359445112757e-01
  -5.7122077678539807e-01
  -5.7190747545991172e-01
  -5.7316093973617621e-01
  -5.7297604859147655e-01
  -5.7125129820705356e-01
  -5.7184425378762849e-01
  -5.7140052679137920e-01
  -5.7157151706530362e-01
  -5.7361415450712305e-01
  -5.7340624285479047e-01
  -5.7404662452174859e-01
  -5.7342503881175988e-01
  -5.7352068353731733e-01
  -5.7394443784782279e-01
  -5.7552282870130567e-01
  -5.7443024983398139e-01
  -5.7440738891681586e-01
  -5.7421204712151974e-01
  -5.7386550976343031e-01
  -5.7510009768038417e-01
  -5.7647754785948557e-01
  -5.7514835442732637e-01
  -5.7683040453182188e-01
  -5.7552963355298448e-01
  -5.7507701471465067e-01
  -5.7584817426328871e-01
  -5.7823470153375323e-01
  -5.7627058953414267e-01
  -5.7654814183222403e-01
  -5.7502229214538592e-01
  -5.7623865218084325e-01
  -5.7637512534575364e-01
  -5.7580266880821773e-01
  -5.7677793510361219e-01
  -5.7685723179804982e-01
  -5.7686335001266331e-01
  -5.7669275248002660e-01
  -5.7763460969680469e-01
  -5.7791870328302652e-01
  -5.7655780705195470e-01
  -5.7790707189382440e-01
  -5.7785383087988917e-01
  -5.7687503860149791e-01
  -5.7699673236457483e-01
  -5.7870332836488447e-01
  -5.7909980132925110e-01
  -5.7796487222621618e-01
  -5.7878517771042104e-01
  -5.7998773457739139e-01
  -5.7824647181561728e-01
  -5.7955233787901339e-01
  -5.7860127032743758e-01
  -5.7935696743139165e-01
  -5.7957755382289378e-01
  -5.8032104645628901e-01
  -5.7958869790860990e-01
  -5.8024172468439317e-01
  -5.8174548346293797e-01
  -5.8041543136712848e-01
  -5.7905774291278445e-01
  -5.8019116549265504e-01
  -5.7998457054654895e-01
  -5.8099265890934670e-01
  -5.8070905607532053e-01
  -5.8050054141034069e-01
  -5.8115167699967418e-01
  -5.8106875376186662e-01
  -5.8275825017135852e-01
  -5.8195852170429330e-01
  -5.8094173301858809e-01
  -5.8283704835878847e-01
  -5.8204613256679483e-01
  -5.8268784428616316e-01
  -5.8206182057221723e-01
  -5.8317530126757233e-01
  -5.8326592950931966e-01
  -5.8299212046367521e-01
  -5.8291343499591541e-01
  -5.8279981149939464e-01
  -5.8274549336880010e-01
  -5.8264087770035444e-01
  -5.8319508893853933e-01
  -5.8340902462860011e-01
  -5.8436769332918281e-01
  -5.8374517001395776e-01
  -5.8307933603253381e-01
  -5.8350980590467005e-01
  -5.8364262748721463e-01
  -5.8328793746442198e-01
  -5.8435569437345414e-01
  -5.8496548833790951e-01
  -5.8489411701757632e-01
  -5.8509679811202431e-01
  -5.8405689974034214e-01
  -5.8464633650243769e-01
  -5.8466629554928740e-01
  -5.8562361283931463e-01
  -5.8474450302567949e-01
  -5.8593820009326358e-01
  -5.8487243022033442e-01
  -5.8579453670654424e-01
  -5.8514686430637586e-01
  -5.8617592201229851e-01
  -5.8466565264019854e-01
  -5.8586957473958878e-01
  -5.8592287127845344e-01
  -5.8642688693347023e-01
  -5.8655473996879004e-01
  -5.8535186371913683e-01
  -5.8707756759782725e-01
  -5.8673111094041286e-01
  -5.8711921830943148e-01
  -5.8666949096056431e-01
  -5.8669826048694040e-01
  -5.8630400810316430e-01
  -5.8706039458438886e-01
  -5.8758757865232925e-01
  -5.8679772835274757e-01
  -5.8826001294984742e-01
  -5.8804375993031843e-01
  -5.8806548192543495e-01
  -5.8749218660548430e-01
  -5.8780139694502764e-01
  -5.8667773244739840e-01
  -5.8727857585680043e-01
  -5.8726928943746159e-01
  -5.8906252118661973e-01
  -5.8848766109256945e-01
  -5.8877947277198517e-01
  -5.8755347745847886e-01
  -5.8771733917956692e-01
  -5.8994640288856148e-01
  -5.8729824520030638e-01
  -5.8908045155482647e-01
  -5.8791945270323498e-01
  -5.8799024354656271e-01
  -5.8910908628197312e-01
  -5.8878587783317149e-01
  -5.8762345235562796e-01
  -5.8867027794862614e-01
  -5.8841382553692634e-01
  -5.8899709240271292e-01
  -5.8927611075627628e-01
  -5.9013952626735577e-01
  -5.8963938903236701e-01
  -5.8909176893761728e-01
  -5.9069134869784146e-01
  -5.8994585936781618e-01
  -5.8962722113243649e-01
  -5.9008175544643782e-01
  -5.8995592009540421e-01
  -5.8983732364447350e-01
  -5.9032892393777370e-01
  -5.8971683519917417e-01
  -5.9053669592450775e-01
  -5.9014115940927692e-01
  -5.8985748968658347e-01
  -5.9013820962208696e-01
  -5.9091805708225542e-01
  -5.9021520385607029e-01
  -5.9018621625913303e-01
  -5.9198526085518033e-01
  -5.9076727523225148e-01
  -5.9127492025748729e-01
  -5.9071785148453182e-01
  -5.9104035776566477e-01
  -5.9057460631178915e-01
  -5.9237157343462410e-01
  -5.9059092406944946e-01
  -5.9187805735007037e-01
  -5.9177315866814262e-01
  -5.9188999826894595e-01
  -5.9255827094857039e-01
  -5.9178372212624308e-01
  -5.9064937426568698e-01
  -5.9264922935484710e-01
  -5.9165971143903240e-01
  -5.9184708429311572e-01
  -5.9228858680386209e-01
  -5.9128357978925883e-01
  -5.9266332539093547e-01
  -5.9244481367767510e-01
  -5.9209665009751022e-01
  -5.9265291012064303e-01
  -5.9224162180118722e-01
  -5.9230082879239865e-01
  -5.9267086996985197e-01
  -5.9255323583331654e-01
  -5.9249851110367913e-01
  -5.9298805676402533e-01
  -5.9340413868744335e-01
  -5.9329119631011684e-01
  -5.9280308491313338e-01
  -5.9295725344133299e-01
  -5.9270482744165320e-01
  -5.9300992732683522e-01
  -5.9379969542815469e-01
  -5.9360273996714552e-01
  -5.9371467038795733e-01
  -5.9415694638648542e-01
  -5.9375564447201701e-01
  -5.9309840943819658e-01
  -5.9376928277239016e-01
  -5.9422835821780184e-01
  -5.9413172324033314e-01
  -5.9412742963602005e-01
  -5.9286416358505190e-01
  -5.9349236334120126e-01
  -5.9388306810598124e-01
  -5.9347436757822192e-01
  -5.9412201049530700e-01
  -5.9487848154123180e-01
  -5.9365726584925849e-01
  -5.9464736798081952e-01
  -5.9481855833132935e-01
  -5.9506059849748105e-01
  -5.9464590964305486e-01
  -5.9547984419518007e-01
  -5.9416061091451133e-01
  -5.9403682870330887e-01
  -5.9482225001246336e-01
  -5.9397243011102008e-01
  -5.9558353898810579e-01
  -5.9447636006163407e-01
  -5.9467709704058935e-01
  -5.9443597253237446e-01
  -5.9450274148021365e-01
  -5.9546398231263764e-01
  -5.9586367646437366e-01
  -5.9594354614074541e-01
  -5.9494976634571162e-01
  -5.9491483644171761e-01
  -5.9537139137276285e-01
  -5.9575899646640929e-01
  -5.9586261164579124e-01
  -5.9540728897076789e-01
  -5.9593161203031808e-01
  -5.9574187909599785e-01
  -5.9659169969038872e-01
  -5.9611698390487677e-01
  -5.9576682515506507e-01
  -5.9603159410899542e-01
  -5.9563795107596651e-01
  -5.9624717764143254e-01
  -5.9667608669491279e-01
  -5.9682126806777991e-01
  -5.9625461259826462e-01
  -5.9728884495956969e-01
  -5.9693622601179019e-01
  -5.9683143864956834e-01
  -5.9649670322355020e-01
  -5.9601678646984568e-01
  -5.9746451565264547e-01
  -5.9662283934325122e-01
  -5.9718246024738730e-01
  -5.9758657100151336e-01
  -5.9775555309958950e-01
  -5.9710652386801577e-01
  -5.9674784243955059e-01
  -5.9657373477590325e-01
  -5.9737143672918225e-01
  -5.9706929766756900e-01
  -5.9758505897751124e-01
  -5.9769594441448903e-01
  -5.9735950669801030e-01
  -5.9787776952310911e-01
  -5.9729795734274638e-01
  -5.9734957531718480e-01
  -5.9766671852169284e-01
  -5.9824924192670126e-01
  -5.9739417692693453e-01
  -5.9782789003314851e-01
  -5.9812598215120971e-01
  -5.9766648347591944e-01
  -5.9768857351346805e-01
  -5.9763569319424081e-01
  -5.9797939658161969e-01
  -5.9818249365071297e-01
  -5.9752728923262977e-01
  -5.9869444296972540e-01
  -5.9791866501468871e-01
  -5.9862827403795704e-01
  -5.9854642812151648e-01
  -5.9868830670880058e-01
  -5.9821899312015969e-01
  -5.9926577161764349e-01
  -5.9822101121811944e-01
  -5.9812953533062319e-01
  -5.9811367929049164e-01
  -5.9926813140297086e-01
  -5.9904137898170262e-01
  -5.9851212861686109e-01
  -5.9844055789498518e-01
  -5.9922672086646689e-01
  -5.9865266706289244e-01
  -5.9871723906381691e-01
  -5.9885563820453880e-01
  -5.9862083814945954e-01
  -5.9939593150871273e-01
  -5.9931271370049033e-01
  -5.9917433155888788e-01
  -5.9884206073506452e-01
  -5.9960706072325465e-01
  -5.9944052109272405e-01
  -5.9981921529589122e-01
  -6.0059699146961731e-01
  -5.9935264025593615e-01
  -5.9885522180376438e-01
  -5.9964805607170557e-01
  -5.9982981471259023e-01
  -5.9894311745803197e-01
  -5.9956695530099635e-01
  -5.9998834762123388e-01
  -5.9923464231679158e-01
  -5.9954363117547360e-01
  -5.9961802087188276e-01
  -5.9980137916085075e-01
  -6.0024514918943794e-01
  -5.9945582147672594e-01
  -5.9969077345869815e-01
  -5.9974597960672416e-01
  -6.0030884754527580e-01
  -6.0000849415567126e-01
  -5.9989008083883122e-01
  -6.0083235450523831e-01
  -5.9993551804747780e-01
  -5.9954128882098834e-01
  -6.0053476318325982e-01
  -6.0015107798404710e-01
  -6.0054859546385975e-01
  -6.0063285773510500e-01
  -6.0025710756073025e-01
  -6.0060819342513527e-01
  -6.0009765319894792e-01
  -6.0088463673104098e-01
  -6.0072275807950515e-01
  -6.0060545207432170e-01
  -6.0064732942242993e-01
  -6.0065556462213188e-01
  -6.0107879590381719e-01
  -6.0111495170326157e-01
  -6.0104346749915405e-01
  -6.0122313392070215e-01
  -6.0068993043219165e-01
  -6.0057767892827807e-01
  -6.0025015697925799e-01
  -6.0119541606369564e-01
  -6.0122231516348834e-01
  -6.0095520196207897e-01
  -6.0159716033448063e-01
  -6.0070924711347595e-01
  -6.0082133325283782e-01
  -6.0130692879312386e-01
  -6.0112211881676636e-01
  -6.0114141579557190e-01
  -6.0126448672742627e-01
  -6.0179540668402398e-01
  -6.0126294933532975e-01
  -6.0131892324851932e-01
  -6.0168040964761871e-01
  -6.0166345641799368e-01
  -6.0128739464681225e-01
  -6.0165607046777170e-01
  -6.0182238886098283e-01
  -6.0150296587395702e-01
  -6.0112840559254177e-01
  -6.0131050806145370e-01
  -6.0146666200808874e-01
  -6.0123359072975791e-01
  -6.0176343355555972e-01
  -6.0227002357786230e-01
  -6.0141464716009108e-01
  -6.0178966847156157e-01
  -6.0183408533230665e-01
  -6.0167671427015645e-01
  -6.0212313921476734e-01
  -6.0216167416415833e-01
  -6.0242658818671158e-01
  -6.0195202008032123e-01
  -6.0143024549732682e-01
  -6.0200986056535544e-01
  -6.0185914938832263e-01
  -6.0201797288136472e-01
  -6.0171159801796681e-01
  -6.0282785599901456e-01
  -6.0222076379321965e-01
  -6.0271249056531317e-01
  -6.0200946499087260e-01
  -6.0201831918842486e-01
  -6.0280959422253311e-01
  -6.0208680109594093e-01
  -6.0285600584585031e-01
  -6.0269003443429969e-01
  -6.0211282521422260e-01
  -6.0167657875909597e-01
  -6.0275648591299202e-01
  -6.0237399151156990e-01
  -6.0236345772144995e-01
  -6.0311472447078240e-01
  -6.0233200819275323e-01
  -6.0270999687411675e-01
  -6.0259488201762779e-01
  -6.0232232366048333e-01
  -6.0282761760784820e-01
  -6.0299899113004651e-01
  -6.0289779301544499e-01
  -6.0312062450681403e-01
  -6.0321734223631951e-01
  -6.0275560084002999e-01
  -6.0306905782540643e-01
  -6.0258941030617830e-01
  -6.0296165519992151e-01
  -6.0259018396247621e-01
  -6.0301414844448842e-01
  -6.0315245358017000e-01
  -6.0333059276947087e-01
  -6.0314845640577974e-01
  -6.0270487299875231e-01
  -6.0280637392080771e-01
  -6.0324357096988501e-01
  -6.0359888612834844e-01
  -6.0339673250398529e-01
  -6.0316717817390231e-01
  -6.0362472285689794e-01
  -6.0296785984383328e-01
  -6.0378449298948689e-01
  -6.0330213262826771e-01
  -6.0381793529473093e-01
  -6.0396481590688822e-01
  -6.0343344678428690e-01
  -6.0315668333021411e-01
  -6.0346362349318483e-01
  -6.0368364081740655e-01
  -6.0366356698386070e-01
  -6.0368385419885739e-01
  -6.0373058163664994e-01
  -6.0340178044186976e-01
  -6.0381100558582435e-01
  -6.0337274828916865e-01
  -6.0348224865244737e-01
  -6.0412655323696185e-01
  -6.0383084421220223e-01
  -6.0393948937826381e-01
  -6.0367308286779964e-01
  -6.0380364676406506e-01
  -6.0404569976626976e-01
  -6.0385088940844400e-01
  -6.0395951141449555e-01
  -6.0416669502604969e-01
  -6.0370542791147042e-01
  -6.0442055667396632e-01
  -6.0343276556495307e-01
  -6.0400914114281712e-01
  -6.0357497566348906e-01
  -6.0395044362295836e-01
  -6.0456218942301598e-01
  -6.0441346833846388e-01
  -6.0425019529057844e-01
  -6.0390055035667700e-01
  -6.0429739555715656e-01
  -6.0442834740345697e-01
  -6.0407181439971491e-01
  -6.0448509602918088e-01
  -6.0427361916652200e-01
  -6.0409551559038910e-01
  -6.0467178877583294e-01
  -6.0431450154749677e-01
  -6.0436510622612194e-01
  -6.0439144121332344e-01
  -6.0447358165867260e-01
  -6.0469630471465785e-01
  -6.0473113757284547e-01
  -6.0468756421090897e-01
  -6.0448152646495712e-01
  -6.0381526997733559e-01
  -6.0476118128166390e-01
  -6.0468568108825183e-01
  -6.0434317986127539e-01
  -6.0407828948907605e-01
  -6.0476938058620544e-01
  -6.0461236956882236e-01
  -6.0474820917835437e-01
  -6.0474899862287201e-01
  -6.0447456601289073e-01
  -6.0521647126123257e-01
  -6.0509803849766364e-01
  -6.0481966818304023e-01
  -6.0482225043089544e-01
