ARMA_MAT_TXT_FN008
1000 1
  -1.5896333298793485e+02
  -1.4001567083347919e+02
  -1.5985410345741863e+02
  -1.6017924833112642e+02
  -1.6148449812745704e+02
  -1.4043486327672241e+02
  -1.5899910634628702e+02
  -1.5740315278632170e+02
  -1.6100778807886985e+02
  -1.5942425195337017e+02
  -1.5624855014585472e+02
  -1.4391248500730944e+02
  -1.5902051407983637e+02
  -1.4403694274297169e+02
  -1.5649452828075536e+02
  -1.4541247857018146e+02
  -1.5951510759104352e+02
  -1.4487203093354879e+02
  -1.5683649305738015e+02
  -1.4666649060365464e+02
  -1.4523284383071913e+02
  -1.4340896366076601e+02
  -1.4397103095888247e+02
  -1.4080713037721063e+02
  -1.6165984474627831e+02
  -1.4205966369518288e+02
  -1.5800488659200184e+02
  -1.6041744636014752e+02
  -1.4484672814472961e+02
  -1.4584499339777284e+02
  -1.6100352744875892e+02
  -1.5917830513858343e+02
  -1.4413062452999139e+02
  -1.6106240069448162e+02
  -1.4780970493000322e+02
  -1.4593346165368325e+02
  -1.6119123596002967e+02
  -1.6197198229482674e+02
  -1.5879480325502823e+02
  -1.4507114232270030e+02
  -1.6037827648486174e+02
  -1.6114234479158716e+02
  -1.5828644557724212e+02
  -1.6035036685929052e+02
  -1.4717433715631870e+02
  -1.6269885289057487e+02
  -1.4270376461344745e+02
  -1.6123944676286030e+02
  -1.6211997095974638e+02
  -1.6094954973340791e+02
  -1.4280421923087530e+02
  -1.4650746186354309e+02
  -1.4663633531520051e+02
  -1.4711582966678017e+02
  -1.6364460840236362e+02
  -1.4723233653048081e+02
  -1.4572069929142367e+02
  -1.6155375921211169e+02
  -1.6292448838701475e+02
  -1.5887207269646640e+02
  -1.5956653846271831e+02
  -1.6093125494871168e+02
  -1.6117273782855622e+02
  -1.4801369112043594e+02
  -1.6193314998741440e+02
  -1.6198535408067676e+02
  -1.4670684542192143e+02
  -1.6080096918530552e+02
  -1.4825921568509628e+02
  -1.5091807836234543e+02
  -1.6110504177614936e+02
  -1.4981707944115223e+02
  -1.6152951847268761e+02
  -1.6099000995456640e+02
  -1.4995012904485705e+02
  -1.6039162276646522e+02
  -1.6001252653517756e+02
  -1.5116822791097940e+02
  -1.6073213292905629e+02
  -1.6307637467376415e+02
  -1.5084449598427361e+02
  -1.5336763550813617e+02
  -1.6104855126444414e+02
  -1.5063603144642903e+02
  -1.5188942559779161e+02
  -1.4889826596632309e+02
  -1.5226987548106212e+02
  -1.5553330577128608e+02
  -1.5407237755141193e+02
  -1.5113082388707662e+02
  -1.4948116712543140e+02
  -1.6217081409082832e+02
  -1.6563605896447893e+02
  -1.5054585378571809e+02
  -1.5034134616306142e+02
  -1.6362707659408699e+02
  -1.6377245170721258e+02
  -1.6178582767116603e+02
  -1.6308904732402999e+02
  -1.4982068712962067e+02
  -1.5087239488824133e+02
  -1.5163847503307056e+02
  -1.6091671345110413e+02
  -1.6323489335551781e+02
  -1.6243104040080917e+02
  -1.6324481173047641e+02
  -1.5840116360730084e+02
  -1.5868638665567687e+02
  -1.6424035234795778e+02
  -1.5753886148074625e+02
  -1.5281174356829581e+02
  -1.6387277298462362e+02
  -1.5141062511453606e+02
  -1.4981376583899845e+02
  -1.6222859801541045e+02
  -1.6119244720086684e+02
  -1.5094890522279255e+02
  -1.4716855467439294e+02
  -1.4978271449815375e+02
  -1.6394271397940886e+02
  -1.4791975885122071e+02
  -1.4874362352435131e+02
  -1.6479569884722747e+02
  -1.6017509417401735e+02
  -1.6222874065725819e+02
  -1.5229125348649831e+02
  -1.4729025246370404e+02
  -1.6556934856050336e+02
  -1.4794083831327094e+02
  -1.4916133975142677e+02
  -1.6446519537056406e+02
  -1.4905597087096493e+02
  -1.6197245416028562e+02
  -1.4881048352719060e+02
  -1.6112181864289957e+02
  -1.6360006026970245e+02
  -1.4717818316973742e+02
  -1.6268174833907000e+02
  -1.4983940445595249e+02
  -1.4848753224190398e+02
  -1.5931661680399066e+02
  -1.6088116407081981e+02
  -1.5079700889100985e+02
  -1.5949913937151351e+02
  -1.4752612787428274e+02
  -1.6405445763490945e+02
  -1.4885584228347244e+02
  -1.6314996853377161e+02
  -1.5938111462656741e+02
  -1.6048738592807803e+02
  -1.5909385588940549e+02
  -1.6040383141338526e+02
  -1.6517993972353338e+02
  -1.5064982694489998e+02
  -1.6236807163468393e+02
  -1.5869223436644668e+02
  -1.6717774684625462e+02
  -1.5069380346221485e+02
  -1.5928177165133948e+02
  -1.5099980528989593e+02
  -1.5919318472617306e+02
  -1.5107720277322261e+02
  -1.5885316062006399e+02
  -1.6241112720257294e+02
  -1.5395571517444904e+02
  -1.6034108059173113e+02
  -1.6032617821578441e+02
  -1.5412987470214020e+02
  -1.5825692168437277e+02
  -1.6227743352527935e+02
  -1.5933458073099138e+02
  -1.5983704334453924e+02
  -1.6035363063561019e+02
  -1.5250699560209219e+02
  -1.6593988931957000e+02
  -1.6090747401412528e+02
  -1.5527523946264904e+02
  -1.5507752424640563e+02
  -1.5704115947381652e+02
  -1.5543967751178243e+02
  -1.5889305462798995e+02
  -1.5729658170879964e+02
  -1.6375662361935113e+02
  -1.5904177929438723e+02
  -1.6290501613259374e+02
  -1.5759210267075736e+02
  -1.6420677441341022e+02
  -1.6072757732565125e+02
  -1.5597096644759208e+02
  -1.6292214291399594e+02
  -1.5578161355577100e+02
  -1.5949390499689196e+02
  -1.5907148698359163e+02
  -1.5795965060132542e+02
  -1.5587967889123297e+02
  -1.6257064614940731e+02
  -1.5784487496084816e+02
  -1.6013446204548836e+02
  -1.5696911085985658e+02
  -1.5235651942083015e+02
  -1.5399538517295485e+02
  -1.6494841487859594e+02
  -1.5489006106926237e+02
  -1.5371643622131631e+02
  -1.5721789949081116e+02
  -1.5753566468095772e+02
  -1.5928657448645731e+02
  -1.6266049842465426e+02
  -1.5780865573449211e+02
  -1.5281715850333543e+02
  -1.5475588480308735e+02
  -1.6192437899774842e+02
  -1.6608595427686643e+02
  -1.6072492022698276e+02
  -1.6060693739078067e+02
  -1.5797557651835578e+02
  -1.6188360107198193e+02
  -1.5837243359188096e+02
  -1.5511112264502469e+02
  -1.6327482311061445e+02
  -1.5343734475889775e+02
  -1.5785929289394230e+02
  -1.6097828092970684e+02
  -1.6033303198862521e+02
  -1.5618451754188249e+02
  -1.5838850063766182e+02
  -1.6018348863555221e+02
  -1.5844731654054888e+02
  -1.5862176405176038e+02
  -1.5238277128023509e+02
  -1.6275664724077112e+02
  -1.5940407228740563e+02
  -1.5662330562723798e+02
  -1.5975313410067602e+02
  -1.6394299857720245e+02
  -1.6136953270628780e+02
  -1.5726389282951229e+02
  -1.6177190192229543e+02
  -1.6019898712654063e+02
  -1.6285114498302164e+02
  -1.6208768441935004e+02
  -1.6062222955381748e+02
  -1.5601336066415141e+02
  -1.5723600340322909e+02
  -1.6003928363746911e+02
  -1.5939015813612195e+02
  -1.6117144523991709e+02
  -1.6368946704420839e+02
  -1.5993710752569865e+02
  -1.6616016086730474e+02
  -1.6255848831744191e+02
  -1.5800321116551649e+02
  -1.6168149750615177e+02
  -1.5826199344158539e+02
  -1.6124330066027414e+02
  -1.5690135947160300e+02
  -1.6269947564046927e+02
  -1.6166408787761193e+02
  -1.6243989732093138e+02
  -1.6174226795567353e+02
  -1.5994373619349719e+02
  -1.6356310996262204e+02
  -1.6096714018350582e+02
  -1.5998619818956482e+02
  -1.5971852059595804e+02
  -1.6407616782637189e+02
  -1.6268464903981140e+02
  -1.6466968982196377e+02
  -1.6260249386993888e+02
  -1.5852879264183485e+02
  -1.6452228982758817e+02
  -1.5904334159394293e+02
  -1.6275484336053250e+02
  -1.6241325379955103e+02
  -1.5776833581444788e+02
  -1.6418981546431897e+02
  -1.6773825588249039e+02
  -1.6036621557958230e+02
  -1.6306212474838793e+02
  -1.6461115470322756e+02
  -1.6026618546325585e+02
  -1.6379099559661046e+02
  -1.5930625453029830e+02
  -1.6477368288546811e+02
  -1.6003927260010798e+02
  -1.5926212869541587e+02
  -1.5928185695633746e+02
  -1.6655992555359094e+02
  -1.6165539720803355e+02
  -1.6065314203522624e+02
  -1.5921530528792948e+02
  -1.5801722572777558e+02
  -1.5878965390364766e+02
  -1.6213240227363119e+02
  -1.6084215645891715e+02
  -1.6440961926278439e+02
  -1.6682805468603735e+02
  -1.6041955944437095e+02
  -1.5913197653362462e+02
  -1.6394084066116201e+02
  -1.5905199463780414e+02
  -1.6186344875902341e+02
  -1.6236140649704757e+02
  -1.6917567127763931e+02
  -1.6193224657434021e+02
  -1.6090820653121384e+02
  -1.6436093489652674e+02
  -1.6033122377695699e+02
  -1.6129766417196956e+02
  -1.6562113572775110e+02
  -1.5831011813225030e+02
  -1.5833289244591492e+02
  -1.6525304394754457e+02
  -1.6633688742553565e+02
  -1.6539386405724738e+02
  -1.6269774127096863e+02
  -1.5860912339777997e+02
  -1.5952917526018288e+02
  -1.6436465659749933e+02
  -1.6160827877486165e+02
  -1.5800154582372295e+02
  -1.5986869012126493e+02
  -1.6473652777567602e+02
  -1.5944731661409637e+02
  -1.6248467254325422e+02
  -1.6380525069449956e+02
  -1.6238369374068779e+02
  -1.6033338743482085e+02
  -1.5991161459880007e+02
  -1.5845114483312909e+02
  -1.6274373487902531e+02
  -1.6737737173657825e+02
  -1.6507676003068502e+02
  -1.6235062813158609e+02
  -1.6170676523177116e+02
  -1.6191841404847236e+02
  -1.6255521221036048e+02
  -1.5850301601426310e+02
  -1.6397798336592530e+02
  -1.6306411372265535e+02
  -1.6109651973193314e+02
  -1.6175071407371894e+02
  -1.6126984400515940e+02
  -1.6098336723930225e+02
  -1.6487689107311820e+02
  -1.5992742088373066e+02
  -1.6207322176882658e+02
  -1.6083306541265924e+02
  -1.6352843622741406e+02
  -1.6568724406979510e+02
  -1.5878300328709801e+02
  -1.5953695898657389e+02
  -1.6396819215400282e+02
  -1.6819097897262159e+02
  -1.6713841493932668e+02
  -1.6838502906310734e+02
  -1.6053312346009648e+02
  -1.6305123200046697e+02
  -1.6377244474789703e+02
  -1.6644070252164622e+02
  -1.6221261650923890e+02
  -1.6207776738871905e+02
  -1.6170514849226282e+02
  -1.5840119288169541e+02
  -1.6576672326553751e+02
  -1.6191806121902746e+02
  -1.5975592454064889e+02
  -1.6106415040207747e+02
  -1.6649224185008376e+02
  -1.6110097906885414e+02
  -1.6040390480457879e+02
  -1.6107207326600712e+02
  -1.5760023943895192e+02
  -1.5884377524810012e+02
  -1.6740463800024961e+02
  -1.6164658634646480e+02
  -1.5984751639288288e+02
  -1.7089563202676146e+02
  -1.6315043064287988e+02
  -1.6898886267166901e+02
  -1.6679347887128006e+02
  -1.6643300476463045e+02
  -1.6088772465295963e+02
  -1.5547745848833185e+02
  -1.6046229438312102e+02
  -1.6828109922857158e+02
  -1.6831140613211898e+02
  -1.6980120203950119e+02
  -1.6159135492006880e+02
  -1.6334648460155020e+02
  -1.6911354389614476e+02
  -1.6343436924127261e+02
  -1.6348772143024834e+02
  -1.6476033200195161e+02
  -1.6529438333006391e+02
  -1.6018617935936217e+02
  -1.6189220739030620e+02
  -1.6093703818525353e+02
  -1.6838434632616688e+02
  -1.6241063359987183e+02
  -1.6467657125483157e+02
  -1.6618717511756807e+02
  -1.6818342786178840e+02
  -1.6480160298072434e+02
  -1.7089559420617897e+02
  -1.6710097264073943e+02
  -1.6486351174176014e+02
  -1.5883011036681279e+02
  -1.6638582898486339e+02
  -1.6491939286889968e+02
  -1.7427608636836425e+02
  -1.6446113442315354e+02
  -1.6310725856377618e+02
  -1.6687004405547989e+02
  -1.6828116858372891e+02
  -1.6844202198662759e+02
  -1.6346113744083655e+02
  -1.6711342820555433e+02
  -1.6374378231503107e+02
  -1.7076024356240768e+02
  -1.6610174109512883e+02
  -1.6780313524561137e+02
  -1.6295764231994417e+02
  -1.6172255817386338e+02
  -1.6711283702517278e+02
  -1.6658771803833562e+02
  -1.6155721225828597e+02
  -1.6626584251409793e+02
  -1.6406366025895562e+02
  -1.6272176501730340e+02
  -1.6623364240512242e+02
  -1.6477437041056180e+02
  -1.6291658091372901e+02
  -1.6629978093008600e+02
  -1.6536500836196288e+02
  -1.6547086143547810e+02
  -1.6774830819742584e+02
  -1.6375684747975660e+02
  -1.6641311816678913e+02
  -1.6339663240609551e+02
  -1.6684909219407527e+02
  -1.6580582629203138e+02
  -1.6707385562581680e+02
  -1.6799724407993787e+02
  -1.7089993052310840e+02
  -1.6570873330851654e+02
  -1.6282078858989715e+02
  -1.6917658446162849e+02
  -1.6672692227573336e+02
  -1.6755103542942376e+02
  -1.6650911715142877e+02
  -1.6374282600758616e+02
  -1.6544362827810983e+02
  -1.6447778862400224e+02
  -1.7154590049248114e+02
  -1.7079981034133931e+02
  -1.6965266547541793e+02
  -1.6517498447064878e+02
  -1.6801198613300105e+02
  -1.6979106915517602e+02
  -1.6995080851550739e+02
  -1.7101859913765372e+02
  -1.6722355421355545e+02
  -1.6657112042375869e+02
  -1.6331985652063051e+02
  -1.6580112794323747e+02
  -1.6622092941583716e+02
  -1.7010525408878840e+02
  -1.6253326587622328e+02
  -1.6481823184797329e+02
  -1.6719420004653551e+02
  -1.6856138583998037e+02
  -1.6457218143995848e+02
  -1.6660522280860397e+02
  -1.6903093225259789e+02
  -1.6584735844939749e+02
  -1.6827006278746899e+02
  -1.6744266887561182e+02
  -1.7463530750823892e+02
  -1.6609834060142532e+02
  -1.6543458021503855e+02
  -1.6743618086466230e+02
  -1.6873413628279661e+02
  -1.6785489874123573e+02
  -1.6518551386446003e+02
  -1.6425578178657469e+02
  -1.6269592718663475e+02
  -1.6874181884303152e+02
  -1.6371023775898999e+02
  -1.6466518004289406e+02
  -1.7145150643838278e+02
  -1.6251290567957895e+02
  -1.7135736335277284e+02
  -1.6673072568285312e+02
  -1.6922091922870845e+02
  -1.6460302996036185e+02
  -1.6532541272192779e+02
  -1.6646571692211654e+02
  -1.7114434008318349e+02
  -1.6693050216723535e+02
  -1.6602860210142455e+02
  -1.6608093142208836e+02
  -1.7817656066965986e+02
  -1.6735558196809893e+02
  -1.6923605743628340e+02
  -1.6546667916807709e+02
  -1.6693741544869437e+02
  -1.6974476718548198e+02
  -1.6737119815216178e+02
  -1.6919788007161009e+02
  -1.6421371570847862e+02
  -1.6935856854316049e+02
  -1.6653985828744928e+02
  -1.6863198465751702e+02
  -1.6767911728856586e+02
  -1.6662272523370982e+02
  -1.6781933280346664e+02
  -1.6566401355783330e+02
  -1.7142129255327652e+02
  -1.6724721697870524e+02
  -1.6902418275856985e+02
  -1.6774295566070373e+02
  -1.6555688342132072e+02
  -1.7031840239884684e+02
  -1.6735022946672868e+02
  -1.6953072291542080e+02
  -1.6987348155313495e+02
  -1.6844804551433793e+02
  -1.6749964690443409e+02
  -1.7385735490888229e+02
  -1.6884650445780619e+02
  -1.7002976854435138e+02
  -1.7057694363024234e+02
  -1.6708881507462408e+02
  -1.7063920038264499e+02
  -1.6959293905212334e+02
  -1.6965465072866678e+02
  -1.6364006734181064e+02
  -1.7039675710706598e+02
  -1.7038285314718007e+02
  -1.6686205421357624e+02
  -1.6590386891417617e+02
  -1.6478091162594643e+02
  -1.6358024410250411e+02
  -1.7146544048768061e+02
  -1.6748502096243149e+02
  -1.7197154102898722e+02
  -1.6480588637416099e+02
  -1.6612936621039066e+02
  -1.7063668722813088e+02
  -1.7107320613995100e+02
  -1.6743501910691424e+02
  -1.6808016511759359e+02
  -1.6844861803915481e+02
  -1.6967711938716127e+02
  -1.6978942929253165e+02
  -1.7334673421770975e+02
  -1.7117483867534150e+02
  -1.6620348021100077e+02
  -1.6471810124284150e+02
  -1.6355913770163727e+02
  -1.7377049356473802e+02
  -1.7541600791164404e+02
  -1.6988484055939071e+02
  -1.7188117283434443e+02
  -1.7184172971255984e+02
  -1.7050399216749534e+02
  -1.6841624576009201e+02
  -1.6709218182666754e+02
  -1.6843080683196973e+02
  -1.6383823780230867e+02
  -1.7119116014785479e+02
  -1.6423893490359524e+02
  -1.6657674980870982e+02
  -1.6853447532516324e+02
  -1.7857503274086142e+02
  -1.7506664926215791e+02
  -1.6698085673350826e+02
  -1.7333042288057482e+02
  -1.6910115615727898e+02
  -1.7283522364334928e+02
  -1.6957136936843395e+02
  -1.7018151811879923e+02
  -1.6901569430436146e+02
  -1.6607038858631998e+02
  -1.7203193271970994e+02
  -1.6564270014335656e+02
  -1.7817732360525767e+02
  -1.6776176755039802e+02
  -1.6583293209796793e+02
  -1.7379102688733485e+02
  -1.7256198062737988e+02
  -1.7150921289216811e+02
  -1.7045051508910453e+02
  -1.6573041131849311e+02
  -1.6890318768399584e+02
  -1.7010540408834370e+02
  -1.6929178345629825e+02
  -1.7010226934244173e+02
  -1.7099529166486238e+02
  -1.7152380193228754e+02
  -1.6555197699637648e+02
  -1.7379658181513781e+02
  -1.6903706640955920e+02
  -1.6744394266824071e+02
  -1.7178877213740597e+02
  -1.7111080904645829e+02
  -1.6828113902481709e+02
  -1.6436174589798043e+02
  -1.6891632505962218e+02
  -1.7159101703420322e+02
  -1.6936446271273536e+02
  -1.6889804560998707e+02
  -1.6669302019236957e+02
  -1.6610215667816166e+02
  -1.7211626716078166e+02
  -1.7332413285344990e+02
  -1.6895431023937113e+02
  -1.6906439048622047e+02
  -1.6807207940584911e+02
  -1.7023997713080456e+02
  -1.6591165771546085e+02
  -1.6670346867584593e+02
  -1.7005432230216638e+02
  -1.6533191919673627e+02
  -1.7090245742138981e+02
  -1.6695154204022123e+02
  -1.7193470946398784e+02
  -1.7093043886384285e+02
  -1.6650732740845359e+02
  -1.7160401583033664e+02
  -1.6888172503406506e+02
  -1.7057065122361894e+02
  -1.7032002063501682e+02
  -1.7041036010687586e+02
  -1.7258242912776589e+02
  -1.7105942041209389e+02
  -1.6595720755094291e+02
  -1.6857434205085997e+02
  -1.6766939662682884e+02
  -1.7038497164988433e+02
  -1.6985440769074768e+02
  -1.7131995158152330e+02
  -1.6939264032300895e+02
  -1.7053506079992798e+02
  -1.6973151231422750e+02
  -1.6638787080655413e+02
  -1.6901271840197825e+02
  -1.7366943002908209e+02
  -1.7127501236297638e+02
  -1.7152302639592835e+02
  -1.6826807765182676e+02
  -1.7168681204263262e+02
  -1.6935292506735703e+02
  -1.6733066528843150e+02
  -1.7205787735989955e+02
  -1.6769429279417409e+02
  -1.6490263386127370e+02
  -1.7183560985645656e+02
  -1.7068572598644781e+02
  -1.6830801686167410e+02
  -1.6921679280467765e+02
  -1.6958724251852334e+02
  -1.7338282288838150e+02
  -1.6921796530419121e+02
  -1.7261662757084702e+02
  -1.6628408523488051e+02
  -1.7557502586969846e+02
  -1.7403206236281008e+02
  -1.7263508237080259e+02
  -1.6869802680034704e+02
  -1.7193975143773312e+02
  -1.7496073770654755e+02
  -1.6330477183175998e+02
  -1.7446805883116375e+02
  -1.7044698081001906e+02
  -1.6958571050120233e+02
  -1.6909513720375264e+02
  -1.6998691620133542e+02
  -1.6614855287895170e+02
  -1.7346516173120332e+02
  -1.7095628018646622e+02
  -1.7079090539843307e+02
  -1.7460114344108027e+02
  -1.7680505979660870e+02
  -1.6985013258449507e+02
  -1.7344171211526782e+02
  -1.7271494109429329e+02
  -1.7126671802565536e+02
  -1.7493538029538249e+02
  -1.7827883271062973e+02
  -1.7497627996891217e+02
  -1.7459790596874436e+02
  -1.7310637131120157e+02
  -1.7222872660897585e+02
  -1.7410218414460954e+02
  -1.6873626241854538e+02
  -1.7378330653152355e+02
  -1.7276895093592913e+02
  -1.7138253763809718e+02
  -1.6966929332864768e+02
  -1.7049143084018792e+02
  -1.7004455172320064e+02
  -1.7431315887472283e+02
  -1.7105078914355158e+02
  -1.6722847610223755e+02
  -1.6928552800236309e+02
  -1.7367106225579082e+02
  -1.6514350600080064e+02
  -1.7141814443071996e+02
  -1.7073751971854520e+02
  -1.7581193332635752e+02
  -1.7013621830933249e+02
  -1.7247863453273933e+02
  -1.7012793425409134e+02
  -1.7052459038227283e+02
  -1.6851814309457933e+02
  -1.6865756061647829e+02
  -1.6612774804742037e+02
  -1.7105880708760895e+02
  -1.7405898812004307e+02
  -1.7350548388069521e+02
  -1.7410783068687780e+02
  -1.7728581790070231e+02
  -1.7217419693140542e+02
  -1.7320440323194788e+02
  -1.7214609727702944e+02
  -1.7082393134089028e+02
  -1.7039897146128709e+02
  -1.6928480982159491e+02
  -1.6722312191400050e+02
  -1.7571384362481314e+02
  -1.6667098506841387e+02
  -1.7264137003717028e+02
  -1.7370574048767645e+02
  -1.7461616937011900e+02
  -1.7353063970407604e+02
  -1.7037247725087832e+02
  -1.7069142851036287e+02
  -1.7423644411913946e+02
  -1.6887662526357767e+02
  -1.7015962791573335e+02
  -1.7296637578650555e+02
  -1.8351230737009988e+02
  -1.6797087394577713e+02
  -1.6578066047712656e+02
  -1.6856700385932402e+02
  -1.7835452437642911e+02
  -1.7452455964456524e+02
  -1.7235108350152055e+02
  -1.7194705996659124e+02
  -1.7371402965554631e+02
  -1.6931708531383563e+02
  -1.6842300811777375e+02
  -1.7059919617314461e+02
  -1.7445305134566379e+02
  -1.7075331229256486e+02
  -1.7324720627867475e+02
  -1.7332840205385094e+02
  -1.7190912083468621e+02
  -1.7110888566886518e+02
  -1.6958215899207988e+02
  -1.6958583574400052e+02
  -1.6716223442999765e+02
  -1.7495845303006644e+02
  -1.6867006004337208e+02
  -1.7679463457653034e+02
  -1.7417063130209857e+02
  -1.7670799068604413e+02
  -1.7480387839074587e+02
  -1.7293842915185573e+02
  -1.7313118106270420e+02
  -1.7347224688644354e+02
  -1.7063659324745512e+02
  -1.7400932280438201e+02
  -1.6974823247664295e+02
  -1.7467820583652650e+02
  -1.7640818709925500e+02
  -1.6929332891115359e+02
  -1.6728970216492812e+02
  -1.7903857756782421e+02
  -1.7757008644831083e+02
  -1.7107060370075689e+02
  -1.7272155391484574e+02
  -1.7699889351012740e+02
  -1.6936721819776943e+02
  -1.7729766626597782e+02
  -1.7284735347705166e+02
  -1.6746317919642291e+02
  -1.6931062533747726e+02
  -1.6899288555834079e+02
  -1.7516802747742042e+02
  -1.7360814586164327e+02
  -1.7548625841029096e+02
  -1.7109783124928850e+02
  -1.7776971859017883e+02
  -1.7753821254802466e+02
  -1.7988375797399868e+02
  -1.6673571941702139e+02
  -1.6990550018089570e+02
  -1.6611116752172325e+02
  -1.7140087006248200e+02
  -1.7359126150495732e+02
  -1.7155525020853469e+02
  -1.7340186603117249e+02
  -1.6573430538387396e+02
  -1.6724935804847604e+02
  -1.7950971341848683e+02
  -1.6825789105283690e+02
  -1.8052185413427549e+02
  -1.8197565008766148e+02
  -1.6698205902689543e+02
  -1.6806926031483857e+02
  -1.6602750312686831e+02
  -1.6823613272361953e+02
  -1.8509830858832655e+02
  -1.8415394530423251e+02
  -1.6394005379209463e+02
  -1.8141715152770320e+02
  -1.8166496278381291e+02
  -1.8348811219188437e+02
  -1.8087159425695475e+02
  -1.8048324318241768e+02
  -1.7761480570767074e+02
  -1.7392765672123969e+02
  -1.7507165367663805e+02
  -1.7461456881572249e+02
  -1.6788817105020638e+02
  -1.8269309579556733e+02
  -1.7205473369607364e+02
  -1.7004212521412464e+02
  -1.7590512249837033e+02
  -1.7376364301290576e+02
  -1.7401296372539963e+02
  -1.7066594223240355e+02
  -1.6965211806110574e+02
  -1.7925043326996598e+02
  -1.7964171133932825e+02
  -1.6894449299990831e+02
  -1.6141498885876385e+02
  -1.5774232579373228e+02
  -1.4853304361509365e+02
  -2.1680828038215907e+02
  -1.7799497841425165e+02
  -1.6737140481886212e+02
  -1.7764978601882689e+02
  -1.5147074121009686e+02
  -1.7097008119710688e+02
  -1.6451720132148427e+02
  -1.5239028529974303e+02
  -1.4965781338885506e+02
  -1.6695067241264314e+02
  -1.4679542814302556e+02
  -1.4941457575341161e+02
  -1.6921005474753736e+02
  -1.6956229704267972e+02
  -1.6328175828278202e+02
  -1.5924527825227224e+02
  -1.5997795653117618e+02
  -1.5558683200187775e+02
  -1.6442088445323364e+02
  -1.5985366571279704e+02
  -1.5106453755913742e+02
  -1.6174069310481710e+02
  -1.5814400457253399e+02
  -1.6019718965418619e+02
  -1.5946540594476804e+02
  -1.5481042963798652e+02
  -1.5334096779183912e+02
  -1.5433229245603090e+02
  -1.5223853492325998e+02
  -1.4957737822636889e+02
  -1.6299569265985707e+02
  -1.5752675688081041e+02
  -1.5607522109679041e+02
  -1.5678525723587546e+02
  -1.5781646881050833e+02
  -1.5358556616750434e+02
  -1.5697110196051591e+02
  -1.5844817471707327e+02
  -1.5690466627483912e+02
  -1.5637074726922609e+02
  -1.5393009361816996e+02
  -1.5305394830292465e+02
  -1.5356900256652744e+02
  -1.5570861780735171e+02
  -1.5493917275428856e+02
  -1.5614709484942134e+02
  -1.5738718077550442e+02
  -1.5487268039983761e+02
  -1.5666677170412453e+02
  -1.5595964947771429e+02
  -1.5405258085221473e+02
  -1.5521699721661577e+02
  -1.6247074705218787e+02
  -1.5696026844365880e+02
  -1.5414527262677353e+02
  -1.5453631834156289e+02
  -1.5109424679370062e+02
  -1.5813875000613555e+02
  -1.5559597558012663e+02
  -1.5571067131254966e+02
  -1.5421985136440941e+02
  -1.5349666236548330e+02
  -1.5409754624165828e+02
  -1.5409274447291082e+02
  -1.5439407317056828e+02
  -1.5374471176592817e+02
  -1.5221591770131130e+02
  -1.5768706194906386e+02
  -1.5624652651195885e+02
  -1.5979267670477995e+02
  -1.5673530758766040e+02
  -1.5409948522722391e+02
  -1.5632513903528749e+02
  -1.5643518752854803e+02
  -1.5640007361019289e+02
  -1.6230163299868283e+02
  -1.5490242429271603e+02
  -1.5614148754133981e+02
  -1.5513415943758883e+02
  -1.5618322237560304e+02
  -1.5635289442183321e+02
  -1.5663402280526418e+02
  -1.5720154491998730e+02
  -1.5655386991018676e+02
  -1.5307086259223445e+02
  -1.5536409141998988e+02
  -1.5928375766800215e+02
  -1.5299877903867366e+02
  -1.5843480580516979e+02
  -1.6040456418718344e+02
  -1.5641365352843079e+02
  -1.5777557701423331e+02
  -1.5654862706617311e+02
  -1.5567493371539103e+02
  -1.5536220158071771e+02
  -1.5715407816995909e+02
  -1.5722350705313170e+02
  -1.5472252237323704e+02
  -1.5927123497576136e+02
  -1.5799848147119545e+02
  -1.5983130864337249e+02
  -1.5540988047576366e+02
  -1.5343896460089405e+02
  -1.5580600551298102e+02
  -1.6024770380148547e+02
  -1.5938481819684608e+02
  -1.5515788696377930e+02
  -1.5921794513063068e+02
  -1.5644322657730098e+02
  -1.5216113918692446e+02
  -1.6238291003006140e+02
  -1.5933969943964604e+02
  -1.6323838266618921e+02
  -1.6330418608373583e+02
  -1.6069093616978978e+02
  -1.5931201710574246e+02
  -1.5833830938810337e+02
  -1.5553076953317768e+02
  -1.5612185287464251e+02
  -1.5371550628458351e+02
  -1.6119100446284313e+02
  -1.6035862855330663e+02
  -1.5471464637944396e+02
  -1.6293376017331028e+02
  -1.5776476595630371e+02
  -1.6301676438931241e+02
  -1.5412325949731314e+02
  -1.5293439327752563e+02
  -1.6320684068090364e+02
  -1.5546708292600727e+02
  -1.5314502264275578e+02
  -1.6394777344540162e+02
  -1.5385302695814320e+02
  -1.6335487236403276e+02
  -1.6178345935110329e+02
  -1.6199745086454379e+02
  -1.5492961963344405e+02
  -1.6141209194056691e+02
  -1.5604666762636086e+02
  -1.6323778787469135e+02
  -1.6424225042833385e+02
  -1.5912607035747899e+02
  -1.5500833879968673e+02
  -1.5560823759659212e+02
  -1.5548582209417677e+02
  -1.5584793501460831e+02
  -1.6563864015954758e+02
  -1.6528648941623808e+02
  -1.5423431716265978e+02
  -1.6371209735961165e+02
  -1.5660329344514554e+02
  -1.5675107689198336e+02
  -1.5638900931227153e+02
  -1.5662026930642435e+02
  -1.5329767161688315e+02
  -1.6543188093600628e+02
  -1.5166979841435813e+02
  -1.6773198605005601e+02
