0.000000000000000000e+00 2.847415982566964699e-03 1.149509678080180286e-01 3.833333333333355242e-03 1.174666666666666637e-01
1.000000000000000000e+00 3.168245220587851893e-03 1.106560135434732361e-01 3.266666666666695473e-03 1.137999999999999984e-01
2.000000000000000000e+00 6.997817119962813914e-03 1.112933885427761227e-01 9.633333333333382598e-03 1.171333333333333115e-01
3.000000000000000000e+00 5.698342839028832860e-03 1.125055109761295274e-01 7.733333333333369808e-03 1.174333333333333063e-01
4.000000000000000000e+00 1.013793755049728932e-03 1.105356578967468945e-01 1.433333333333397519e-03 1.112666666666666804e-01
5.000000000000000000e+00 3.577864043128407574e-03 1.086627887856126407e-01 4.966666666666674779e-03 1.116000000000000048e-01
6.000000000000000000e+00 9.046607712900516310e-03 1.075237880657112927e-01 1.016666666666671270e-02 1.163000000000000006e-01
7.000000000000000000e+00 8.579691784155869761e-04 1.096850111303575709e-01 9.666666666666712260e-04 1.105333333333333168e-01
8.000000000000000000e+00 6.567301153780314218e-03 1.080831392956366627e-01 8.766666666666700358e-03 1.139000000000000012e-01
9.000000000000000000e+00 5.072419979107060939e-03 1.088424472957739558e-01 7.066666666666665542e-03 1.129333333333333023e-01
1.000000000000000000e+01 4.800462940638568904e-03 1.100856787537174003e-01 4.866666666666685792e-03 1.148333333333333151e-01
1.100000000000000000e+01 1.102169577595832166e-02 1.031282373229240046e-01 1.206666666666666998e-02 1.137999999999999984e-01
1.200000000000000000e+01 1.701796436449182996e-03 9.859067738212708154e-02 2.066666666666661101e-03 1.002333333333333132e-01
1.300000000000000000e+01 7.158522504291240339e-03 9.966196198483484592e-02 9.866666666666690233e-03 1.055999999999999994e-01
1.400000000000000000e+01 8.324028138133869603e-03 9.756104926318356907e-02 8.666666666666711372e-03 1.057000000000000023e-01
1.500000000000000000e+01 1.531870679195138606e-02 8.795289458947139205e-02 1.556666666666667309e-02 1.025999999999999968e-01
1.600000000000000000e+01 1.725116743231536534e-02 8.674530726980758666e-02 1.926666666666670968e-02 1.029999999999999943e-01
1.700000000000000000e+01 3.458356224823836561e-02 6.468403976252565246e-02 3.666666666666668073e-02 9.439999999999999780e-02
1.800000000000000000e+01 3.167945355869915963e-02 5.757020351999229263e-02 3.256666666666668819e-02 8.469999999999999751e-02
1.900000000000000000e+01 3.655611363977909201e-02 5.222855221683505439e-02 4.616666666666668917e-02 8.010000000000000453e-02
2.000000000000000000e+01 3.396681386948800785e-02 3.892651195950303650e-02 3.406666666666668952e-02 6.460000000000000464e-02
2.100000000000000000e+01 3.353149431670336689e-02 4.147828749277544802e-02 4.396666666666670942e-02 6.489999999999999936e-02
2.200000000000000000e+01 2.769974929689998991e-02 3.733387648414417115e-02 3.136666666666670933e-02 5.920000000000000262e-02
2.300000000000000000e+01 2.733354674713432686e-02 3.174526211368660505e-02 3.116666666666667584e-02 5.220000000000000334e-02
2.400000000000000000e+01 2.352848155841010674e-02 3.009930785472205925e-02 2.646666666666669387e-02 4.839999999999999858e-02
2.500000000000000000e+01 2.186144500662702550e-02 2.937904582067520434e-02 2.616666666666667140e-02 4.630000000000000088e-02
2.600000000000000000e+01 2.568860534253358807e-02 2.396566989118670971e-02 2.806666666666668419e-02 4.120000000000000051e-02
2.700000000000000000e+01 1.829524832056428352e-02 2.576635403001363220e-02 2.066666666666666652e-02 4.039999999999999841e-02
2.800000000000000000e+01 1.476407050165291432e-02 2.547109472846948233e-02 1.806666666666667531e-02 3.749999999999999861e-02
2.900000000000000000e+01 1.581931396883077753e-02 2.491101663923011786e-02 2.031666666666670507e-02 3.710000000000000103e-02
3.000000000000000000e+01 1.578341253060031729e-02 2.267074105537796383e-02 1.716666666666666341e-02 3.545000000000000234e-02
3.100000000000000000e+01 9.157525745406198264e-03 2.219875184178906821e-02 1.061666666666666314e-02 3.024999999999999911e-02
3.200000000000000000e+01 1.127478134796611187e-02 2.247021176283540284e-02 1.436666666666669423e-02 3.164999999999999758e-02
3.300000000000000000e+01 1.075547179862933189e-02 2.146342091792451459e-02 1.451666666666667771e-02 2.960000000000000131e-02
3.400000000000000000e+01 1.151311148695741658e-02 1.933115738473341338e-02 1.424166666666670800e-02 2.860000000000000042e-02
3.500000000000000000e+01 1.489504135423744269e-02 1.600103837776368707e-02 1.556666666666667309e-02 2.692500000000000102e-02
3.600000000000000000e+01 9.597171168862451626e-03 2.060775541715626283e-02 9.916666666666684726e-03 2.904999999999999943e-02
3.700000000000000000e+01 1.023082768252132554e-02 1.853469508448951988e-02 1.174166666666670578e-02 2.716249999999999915e-02
3.800000000000000000e+01 9.970047155243411119e-03 1.923439031613253039e-02 1.051666666666667416e-02 2.784999999999999976e-02
3.900000000000000000e+01 1.168861031564964389e-02 1.772790878812275511e-02 1.531666666666670062e-02 2.645000000000000129e-02
4.000000000000000000e+01 1.111827590176542313e-02 1.646854719988984084e-02 1.350416666666670595e-02 2.525000000000000161e-02
4.100000000000000000e+01 1.185241510931890618e-02 1.630792181125734555e-02 1.357291666666671226e-02 2.569375000000000131e-02
4.200000000000000000e+01 1.200339081505836895e-02 1.571349004935726490e-02 1.258541666666668224e-02 2.521249999999999880e-02
4.300000000000000000e+01 8.945150304812889142e-03 1.716323192023917060e-02 9.510416666666687835e-03 2.488125000000000059e-02
4.400000000000000000e+01 1.030987037706296988e-02 1.631657680737406274e-02 1.059791666666670684e-02 2.490312500000000165e-02
4.500000000000000000e+01 1.118688667041620871e-02 1.560011700969404086e-02 1.290104166666666829e-02 2.447500000000000023e-02
4.600000000000000000e+01 1.043522349695603924e-02 1.577071239564483557e-02 1.270729166666667576e-02 2.404374999999999915e-02
4.700000000000000000e+01 8.890609866224181632e-03 1.710254729633679457e-02 1.153854166666667957e-02 2.417187499999999892e-02
4.800000000000000000e+01 1.006183507982569975e-02 1.563083068293369057e-02 1.138541666666670338e-02 2.387812500000000004e-02
4.900000000000000000e+01 9.226931280262916021e-03 1.606190852915550041e-02 9.354166666666663410e-03 2.390312500000000076e-02
5.000000000000000000e+01 9.521957275471403664e-03 1.569752029954690417e-02 1.021354166666665897e-02 2.367500000000000160e-02
5.100000000000000000e+01 1.026166766115202585e-02 1.538477248337570547e-02 1.074947916666668668e-02 2.381562499999999999e-02
5.200000000000000000e+01 1.009381951139203676e-02 1.548562651297481427e-02 1.211510416666666812e-02 2.357499999999999873e-02
5.300000000000000000e+01 9.900514699312662481e-03 1.530349083597477844e-02 1.034401041666666021e-02 2.349843750000000023e-02
5.400000000000000000e+01 9.463363895149659935e-03 1.555696536429995724e-02 9.774479166666683039e-03 2.350234375000000153e-02
5.500000000000000000e+01 9.854355680280719315e-03 1.513476412615060059e-02 9.991666666666676466e-03 2.328867187499999991e-02
5.600000000000000000e+01 9.506131380873653058e-03 1.516813898814108920e-02 9.520963541666704888e-03 2.310351562500000122e-02
5.700000000000000000e+01 9.250460679779895848e-03 1.529072739352259347e-02 9.260026041666702401e-03 2.307148437499999954e-02
5.800000000000000000e+01 9.698411328586131058e-03 1.509162030155859931e-02 9.743229166666700358e-03 2.314179687499999874e-02
5.900000000000000000e+01 9.266286909889053305e-03 1.506138070280830556e-02 9.413151041666678598e-03 2.282656250000000137e-02
6.000000000000000000e+01 8.936855077942666703e-03 1.529067905628787166e-02 9.199479166666690855e-03 2.285664062500000066e-02
6.100000000000000000e+01 9.179374947120682790e-03 1.509343875624657126e-02 9.194791666666701779e-03 2.280585937500000104e-02
6.200000000000000000e+01 9.701641808570669184e-03 1.480235046331803556e-02 9.718229166666703112e-03 2.281835937499999967e-02
6.300000000000000000e+01 9.155131903304136731e-03 1.508536908962693213e-02 1.009635416666671004e-02 2.272656249999999850e-02
6.400000000000000000e+01 9.071402553115287190e-03 1.504592147853443806e-02 9.445572916666700181e-03 2.267343750000000088e-02
6.500000000000000000e+01 9.287739315746086979e-03 1.471845005450603261e-02 9.517252604166692720e-03 2.245683593749999915e-02
6.600000000000000000e+01 9.255718842099346436e-03 1.481401288532828431e-02 9.394986979166686236e-03 2.254453124999999947e-02
6.700000000000000000e+01 9.120653169100595772e-03 1.489369108290070250e-02 9.191276041666696095e-03 2.254531250000000112e-02
6.800000000000000000e+01 9.121207708822675134e-03 1.479244867539313002e-02 9.509537760416686414e-03 2.242490234375000072e-02
6.900000000000000000e+01 9.135154228950037245e-03 1.480624066142276901e-02 9.426920572916663854e-03 2.245322265625000063e-02
7.000000000000000000e+01 9.050219102324156065e-03 1.475729868882785269e-02 9.423014322916700714e-03 2.233974609375000142e-02
