ARMA_MAT_TXT_FN008
1000 1
  -1.5249721576640496e+02
  -1.4742303706264153e+02
  -1.5108113985106874e+02
  -1.5220645492423856e+02
  -1.3359413048288127e+02
  -1.5126109682277013e+02
  -1.3516956307020320e+02
  -1.4967674683902504e+02
  -1.5239658725574321e+02
  -1.5267342879285806e+02
  -1.5034880397341072e+02
  -1.3384833478097445e+02
  -1.3766491458332374e+02
  -1.4816489149747164e+02
  -1.3948501117087514e+02
  -1.3736436867971966e+02
  -1.3805245267650670e+02
  -1.3400427037085748e+02
  -1.5378965626673735e+02
  -1.3682190851051644e+02
  -1.5168247583377553e+02
  -1.3173098520776460e+02
  -1.5270661884153679e+02
  -1.3525008842443683e+02
  -1.5051786648306529e+02
  -1.3815557863411877e+02
  -1.5175891314056543e+02
  -1.3618365380466909e+02
  -1.3537354225334775e+02
  -1.3637873545596713e+02
  -1.5199071301799043e+02
  -1.5417718145543162e+02
  -1.3893883433505081e+02
  -1.5514271979527149e+02
  -1.5428023321484710e+02
  -1.5426733367074320e+02
  -1.5567367100946612e+02
  -1.5199015069427372e+02
  -1.5282399633573689e+02
  -1.5442440387958891e+02
  -1.3940467918233867e+02
  -1.4208524184268174e+02
  -1.4189623264283938e+02
  -1.3836326636412693e+02
  -1.3459036360727731e+02
  -1.5795166831284951e+02
  -1.5169884275768109e+02
  -1.4169042158334901e+02
  -1.3805564565434321e+02
  -1.5887087825694283e+02
  -1.5684995936757170e+02
  -1.3805144234752873e+02
  -1.5880515444332215e+02
  -1.3988098558948258e+02
  -1.3972465190482981e+02
  -1.5582231493570629e+02
  -1.5576606764775147e+02
  -1.4052968498601746e+02
  -1.5566433328398071e+02
  -1.5651781974258506e+02
  -1.5417879403962519e+02
  -1.5399681530054539e+02
  -1.4013899057564274e+02
  -1.5514330946281430e+02
  -1.5668320060754388e+02
  -1.3903728402437574e+02
  -1.5506470647542378e+02
  -1.4114667150955484e+02
  -1.4099286021494626e+02
  -1.5790436144949723e+02
  -1.4505063569213297e+02
  -1.4344392328603396e+02
  -1.4195660452487144e+02
  -1.5529834988131142e+02
  -1.5238543397892894e+02
  -1.5292789374473293e+02
  -1.5527786250605521e+02
  -1.4260427658087670e+02
  -1.5276103178812826e+02
  -1.4429357123234377e+02
  -1.5536671482157720e+02
  -1.5310764044207372e+02
  -1.5357059920993399e+02
  -1.4737604231368942e+02
  -1.5572312825716367e+02
  -1.4924530853622841e+02
  -1.5436526326394278e+02
  -1.5780335631161839e+02
  -1.4605432091211276e+02
  -1.4621830023720560e+02
  -1.4520519051327972e+02
  -1.4381330520568949e+02
  -1.4598591733963107e+02
  -1.5322496196642737e+02
  -1.5834428725142297e+02
  -1.5606656270428294e+02
  -1.4673660635946393e+02
  -1.5564604326507623e+02
  -1.5692890011694988e+02
  -1.5375822030466145e+02
  -1.5540571157293903e+02
  -1.4806044440673162e+02
  -1.5468929042471396e+02
  -1.4805196020402371e+02
  -1.4677451466184047e+02
  -1.4435759595080197e+02
  -1.5487987662219945e+02
  -1.5858889713186434e+02
  -1.4328078376886708e+02
  -1.5914097226577539e+02
  -1.5636395720180201e+02
  -1.4900981913469312e+02
  -1.4510821323740970e+02
  -1.4476364004024691e+02
  -1.5638300749285580e+02
  -1.4464435893038669e+02
  -1.4563406039372629e+02
  -1.5604260221000069e+02
  -1.6118231586716769e+02
  -1.4910087343318887e+02
  -1.5517547880075816e+02
  -1.5357305401502680e+02
  -1.5037560396070901e+02
  -1.5453377494699430e+02
  -1.5537107535692260e+02
  -1.5667642679805732e+02
  -1.4591222652717255e+02
  -1.5495604391242873e+02
  -1.4637906293138170e+02
  -1.5327323377849376e+02
  -1.4837316158755317e+02
  -1.5064894711650487e+02
  -1.4847627430604658e+02
  -1.4876213805965116e+02
  -1.5560027308574220e+02
  -1.5997467589187266e+02
  -1.4761845951611431e+02
  -1.4635521166737402e+02
  -1.5688901530994633e+02
  -1.5041678003340206e+02
  -1.4630402471332152e+02
  -1.5530566448284770e+02
  -1.5097367869932597e+02
  -1.5391751461794166e+02
  -1.5804374892295579e+02
  -1.4721415189444184e+02
  -1.4659871778078971e+02
  -1.4906975590038891e+02
  -1.4462029157560366e+02
  -1.4999968773176155e+02
  -1.5896836536989127e+02
  -1.5758767044955488e+02
  -1.5823120682260114e+02
  -1.5649065051738637e+02
  -1.5844024570236090e+02
  -1.5661467046743419e+02
  -1.5269512893120645e+02
  -1.4969528958540170e+02
  -1.6040005353566798e+02
  -1.5070964360014872e+02
  -1.5796654156790876e+02
  -1.4666648367623745e+02
  -1.5732788490620473e+02
  -1.5689024367823998e+02
  -1.5396105859309694e+02
  -1.5473001762651609e+02
  -1.6137711451768749e+02
  -1.5480283668064936e+02
  -1.5222750038281615e+02
  -1.5602527473192379e+02
  -1.5685891323876243e+02
  -1.5679019036804934e+02
  -1.5656358523259442e+02
  -1.5603223121617583e+02
  -1.5458047858417086e+02
  -1.5330512550123024e+02
  -1.5225620975999576e+02
  -1.5611951752577036e+02
  -1.5234562954499435e+02
  -1.5522913073763141e+02
  -1.5134115902324521e+02
  -1.5824917435019253e+02
  -1.5894746436989880e+02
  -1.5661056571010130e+02
  -1.5143837294478999e+02
  -1.5730963701463645e+02
  -1.5635322728555676e+02
  -1.5717989589539761e+02
  -1.5627520715571117e+02
  -1.5688613680255264e+02
  -1.5453114937312731e+02
  -1.5598678169464898e+02
  -1.5756337381180106e+02
  -1.6093856244913724e+02
  -1.5415761267171396e+02
  -1.5295906562314516e+02
  -1.5609198286292369e+02
  -1.5589378819106642e+02
  -1.6022881680623311e+02
  -1.5493655224331718e+02
  -1.5562771490035271e+02
  -1.6127706843263317e+02
  -1.5435918060543423e+02
  -1.5656784663025130e+02
  -1.5373558095080551e+02
  -1.5304966840542872e+02
  -1.5678639364434451e+02
  -1.5820128267596715e+02
  -1.5801946036888538e+02
  -1.5759056055958754e+02
  -1.5708909095107214e+02
  -1.6127668376565231e+02
  -1.5943265453181760e+02
  -1.5965004468746505e+02
  -1.5188289424780206e+02
  -1.6207558567788706e+02
  -1.5633146147973912e+02
  -1.5756982638062098e+02
  -1.5220828829886477e+02
  -1.6191623947324871e+02
  -1.5718915285433124e+02
  -1.5576440060527204e+02
  -1.5491328392978576e+02
  -1.5873471530721426e+02
  -1.5743092074135376e+02
  -1.6156784242091740e+02
  -1.5858652116038135e+02
  -1.5694010891564548e+02
  -1.5530092640150980e+02
  -1.5541748479205049e+02
  -1.6021732793901035e+02
  -1.5730549216140622e+02
  -1.5900636028971090e+02
  -1.5746804876412276e+02
  -1.5629234085174826e+02
  -1.5712716361900678e+02
  -1.5492801581508363e+02
  -1.5999701577452896e+02
  -1.5551009107759268e+02
  -1.5656759449295535e+02
  -1.5675066772867766e+02
  -1.5736622038457955e+02
  -1.5709396570054690e+02
  -1.5765010241066523e+02
  -1.5577224287242643e+02
  -1.5570577830543778e+02
  -1.6047695490754566e+02
  -1.5644356554642684e+02
  -1.5430570600889317e+02
  -1.6196691831975608e+02
  -1.5658984272377970e+02
  -1.5473368639356241e+02
  -1.5923850193341133e+02
  -1.5398543220354730e+02
  -1.5923073111302253e+02
  -1.5324896129042671e+02
  -1.5895588268659370e+02
  -1.5176944897759938e+02
  -1.5608581115739352e+02
  -1.6116513229978852e+02
  -1.5515477341017137e+02
  -1.6070193477383881e+02
  -1.5430174906741613e+02
  -1.5108540953715109e+02
  -1.5569197313851100e+02
  -1.5925901342891549e+02
  -1.5678674216757759e+02
  -1.6024255135576797e+02
  -1.5789171020922677e+02
  -1.5205844801257192e+02
  -1.5810951808327093e+02
  -1.5289747097514638e+02
  -1.5839346619564051e+02
  -1.5908664716854784e+02
  -1.5781303303313018e+02
  -1.5644762736648303e+02
  -1.5810400137478786e+02
  -1.5311760646608363e+02
  -1.5819947354462855e+02
  -1.5858916760375212e+02
  -1.6069270167404767e+02
  -1.6084294209939415e+02
  -1.5807691352714230e+02
  -1.5826299634005079e+02
  -1.5710529826502918e+02
  -1.6173417521837243e+02
  -1.5847863230989071e+02
  -1.5475591871681797e+02
  -1.5881799623069529e+02
  -1.5794506783108272e+02
  -1.5898972895561951e+02
  -1.5580038286531251e+02
  -1.6062200278535624e+02
  -1.6033082692850712e+02
  -1.5676259281540871e+02
  -1.5755032509290874e+02
  -1.5596346655045934e+02
  -1.5921429703327888e+02
  -1.5818217978390686e+02
  -1.6017450922586693e+02
  -1.6364290880306532e+02
  -1.5694007594258483e+02
  -1.6081225014767318e+02
  -1.5824418633363777e+02
  -1.6243860075355445e+02
  -1.5810634599402687e+02
  -1.5664873569812849e+02
  -1.5627901308849755e+02
  -1.6268939552534715e+02
  -1.5971769263287365e+02
  -1.5809493504494461e+02
  -1.5880304290589962e+02
  -1.5846015314135522e+02
  -1.5681184090032153e+02
  -1.5858533803053186e+02
  -1.5762172113040015e+02
  -1.6436380004520009e+02
  -1.5794050926144735e+02
  -1.6356767147203405e+02
  -1.6253250330681922e+02
  -1.6035063768806862e+02
  -1.6168581376893505e+02
  -1.6135845583819389e+02
  -1.6184172820789902e+02
  -1.6134722803849928e+02
  -1.5822796154314258e+02
  -1.5970711245242734e+02
  -1.5658277006990059e+02
  -1.5335183871717737e+02
  -1.5961145212009038e+02
  -1.5508856821102853e+02
  -1.6311579409626279e+02
  -1.5875521734498122e+02
  -1.5920631020275164e+02
  -1.6267027654307421e+02
  -1.5683625591345094e+02
  -1.6156442407865026e+02
  -1.5904154961438817e+02
  -1.6431981689422244e+02
  -1.6476351278410834e+02
  -1.5666228446610563e+02
  -1.6258060331714856e+02
  -1.5493582166227330e+02
  -1.6320739100645557e+02
  -1.5788280988655984e+02
  -1.6182766177525335e+02
  -1.6290966288302971e+02
  -1.5719548665296173e+02
  -1.5361505928792710e+02
  -1.5916498478355311e+02
  -1.5576805806214008e+02
  -1.6447847568277004e+02
  -1.6816686858526862e+02
  -1.6268733199122056e+02
  -1.6026303354913091e+02
  -1.6129637216374329e+02
  -1.6672483409335311e+02
  -1.5962101200497176e+02
  -1.5856340636072582e+02
  -1.5798389685090831e+02
  -1.5913361954604636e+02
  -1.5508168919217266e+02
  -1.5412571764618784e+02
  -1.5523861121828170e+02
  -1.5737158211426356e+02
  -1.6508278859536355e+02
  -1.5677563450355970e+02
  -1.5809912573059603e+02
  -1.5885456211421112e+02
  -1.5486562519021069e+02
  -1.6900881592577537e+02
  -1.6643187529162356e+02
  -1.6407289516069116e+02
  -1.5970135765646208e+02
  -1.5943145887286695e+02
  -1.6837121607468535e+02
  -1.5089285792823821e+02
  -1.5538349080138170e+02
  -1.7164062806674005e+02
  -1.5279167639756739e+02
  -1.5657296653480435e+02
  -1.5245909648147682e+02
  -1.6882410599918458e+02
  -1.6694514843657726e+02
  -1.6594402574155663e+02
  -1.5225011699460703e+02
  -1.5515289019525548e+02
  -1.6741845605246985e+02
  -1.6907182071238915e+02
  -1.6400462118730820e+02
  -1.5481285533601016e+02
  -1.5650880937261971e+02
  -1.6675179495545285e+02
  -1.6869361312056989e+02
  -1.6216502442480964e+02
  -1.5310667167430935e+02
  -1.6923201436870224e+02
  -1.6928911998337304e+02
  -1.6724900106794095e+02
  -1.6765362586823582e+02
  -1.6572035687731528e+02
  -1.6420860178439332e+02
  -1.6044781521055160e+02
  -1.5524830953962152e+02
  -1.6385850535210849e+02
  -1.5783131730622364e+02
  -1.5667934882517756e+02
  -1.6054978537583921e+02
  -1.5769302089949332e+02
  -1.5692117421879772e+02
  -1.6623777955364628e+02
  -1.5888482164601547e+02
  -1.6166797404219312e+02
  -1.6499069553620609e+02
  -1.6284045793654315e+02
  -1.6121892822421634e+02
  -1.6584922856868099e+02
  -1.5862550220981194e+02
  -1.5462035022721562e+02
  -1.5518847236580055e+02
  -1.6544908729834424e+02
  -1.6310744629774246e+02
  -1.6794187075208814e+02
  -1.5989711642968831e+02
  -1.6290087668844288e+02
  -1.6351451669488407e+02
  -1.6438613168812378e+02
  -1.5793350257917496e+02
  -1.6239429348057524e+02
  -1.5883603259468907e+02
  -1.6426285944795345e+02
  -1.5548320032850248e+02
  -1.6174292362115102e+02
  -1.5874693822181703e+02
  -1.5685869766046841e+02
  -1.5760240885246620e+02
  -1.5935752589329852e+02
  -1.5808862687446421e+02
  -1.6315810118136886e+02
  -1.6307572312760027e+02
  -1.6501428905117410e+02
  -1.5507172651659684e+02
  -1.6477346774386419e+02
  -1.6756576341864945e+02
  -1.5699922799777895e+02
  -1.5749500994309034e+02
  -1.6581459173772390e+02
  -1.6682755773578091e+02
  -1.5845893188685903e+02
  -1.6189764485717532e+02
  -1.6715133215902225e+02
  -1.5435944133744366e+02
  -1.5644645193731515e+02
  -1.5502898157977214e+02
  -1.6399473450462571e+02
  -1.6447854254537501e+02
  -1.5844410665100312e+02
  -1.6125198795786150e+02
  -1.5835452390406610e+02
  -1.5587703682432885e+02
  -1.5479839531993039e+02
  -1.6530233553262912e+02
  -1.6375070063532843e+02
  -1.5729883576446338e+02
  -1.5755829082297257e+02
  -1.6745998360320681e+02
  -1.6307743444824283e+02
  -1.6294257197107285e+02
  -1.6377756192265886e+02
  -1.5906720905706885e+02
  -1.5343556796190953e+02
  -1.6517669473438175e+02
  -1.6002787622327980e+02
  -1.5782123461033510e+02
  -1.5770247111989715e+02
  -1.6193132653199376e+02
  -1.6742488627458144e+02
  -1.6786265471976495e+02
  -1.6256480522363648e+02
  -1.5991112680312742e+02
  -1.5957281373905741e+02
  -1.6043026678390098e+02
  -1.5291940313669588e+02
  -1.5655226354332675e+02
  -1.5900309061280299e+02
  -1.5398811718836757e+02
  -1.6684925042258638e+02
  -1.5677526713232638e+02
  -1.6843806966179875e+02
  -1.5479230556396539e+02
  -1.5478853754765225e+02
  -1.6811177342985911e+02
  -1.5821035238026522e+02
  -1.6807560772509569e+02
  -1.7212720975076365e+02
  -1.6715153200016078e+02
  -1.5620119961133759e+02
  -1.6600963125983563e+02
  -1.5575946678533043e+02
  -1.5648948397605596e+02
  -1.6919578180326948e+02
  -1.6166332302639213e+02
  -1.5717651948787642e+02
  -1.6897272322644665e+02
  -1.5979659729497226e+02
  -1.5971451257011512e+02
  -1.6568996106192506e+02
  -1.6973137360144099e+02
  -1.6613134506862588e+02
  -1.6670316799653580e+02
  -1.5250665819102318e+02
  -1.6515913175024724e+02
  -1.6630037247493993e+02
  -1.6567272372258154e+02
  -1.6643341295792786e+02
  -1.7178489299436899e+02
  -1.6083928624103518e+02
  -1.6398667505912823e+02
  -1.6438469909665196e+02
  -1.5971981299746034e+02
  -1.6517906108730384e+02
  -1.6428878295443218e+02
  -1.6184453652138311e+02
  -1.6660457467320856e+02
  -1.6262594524706870e+02
  -1.6345019127311224e+02
  -1.5708177094692067e+02
  -1.6001207852022125e+02
  -1.6482280566492969e+02
  -1.6785543216770449e+02
  -1.7032046410163775e+02
  -1.6468582292474238e+02
  -1.6334677869811784e+02
  -1.6787938432518999e+02
  -1.5614251498758793e+02
  -1.6324641939124140e+02
  -1.6685548813407698e+02
  -1.6196418906249693e+02
  -1.6772104331027543e+02
  -1.6528799550575701e+02
  -1.6484537151205507e+02
  -1.5495368908079143e+02
  -1.5762895548906388e+02
  -1.6756902402729452e+02
  -1.5868627264932928e+02
  -1.6119885423728152e+02
  -1.6612804705673727e+02
  -1.5939876584546431e+02
  -1.6581056713220329e+02
  -1.6767038415615173e+02
  -1.6791396639847594e+02
  -1.6211464875357831e+02
  -1.5866447733336437e+02
  -1.6241717373893007e+02
  -1.5871346083983875e+02
  -1.6198507623379646e+02
  -1.6664509906260736e+02
  -1.6016759377302358e+02
  -1.6759804230531574e+02
  -1.5901361822432136e+02
  -1.5967599643204588e+02
  -1.5352221892778675e+02
  -1.7157352948099663e+02
  -1.7032073041818123e+02
  -1.7025911102105684e+02
  -1.7056452926204602e+02
  -1.6483854171467149e+02
  -1.6768877988707376e+02
  -1.5846508060473801e+02
  -1.6139217644331745e+02
  -1.6279910835307061e+02
  -1.6242372422786374e+02
  -1.5839494207354315e+02
  -1.6098240049996218e+02
  -1.7279974283496722e+02
  -1.7092196324792678e+02
  -1.5805130687481443e+02
  -1.5936149701448866e+02
  -1.6781615781924992e+02
  -1.5760184725551278e+02
  -1.7178960484153509e+02
  -1.5876919845741480e+02
  -1.5582404196109508e+02
  -1.5599680272819671e+02
  -1.7042077064084236e+02
  -1.5726742545532835e+02
  -1.7154457207840932e+02
  -1.6978958959445191e+02
  -1.6994611732700773e+02
  -1.6070673462999460e+02
  -1.5710036435444263e+02
  -1.7168061249368213e+02
  -1.7294143251732115e+02
  -1.6207656170849771e+02
  -1.6003015122685636e+02
  -1.5945417464200517e+02
  -1.5626307874287110e+02
  -1.7347823875921068e+02
  -1.7228095177449671e+02
  -1.7010153185926137e+02
  -1.6022074887481645e+02
  -1.7186701025075743e+02
  -1.7037490106559753e+02
  -1.6827927320563921e+02
  -1.5991223316419212e+02
  -1.6984269972036688e+02
  -1.7227112955608797e+02
  -1.6060029722341699e+02
  -1.6649006543392622e+02
  -1.6806235744722170e+02
  -1.7198039495890279e+02
  -1.5927171600594770e+02
  -1.6755755550849884e+02
  -1.6051645725539382e+02
  -1.7144696591688162e+02
  -1.5757030450474434e+02
  -1.5921947378135937e+02
  -1.6793660677739067e+02
  -1.6005624227970017e+02
  -1.7018248782161533e+02
  -1.6935626779770834e+02
  -1.5734441720601370e+02
  -1.5731169639673561e+02
  -1.5706172157178634e+02
  -1.7008828625049367e+02
  -1.6937775799107249e+02
  -1.6339756504441348e+02
  -1.5862405777822894e+02
  -1.6067995352495015e+02
  -1.7364241418799580e+02
  -1.6896754632315719e+02
  -1.6963172219918295e+02
  -1.5729929674200321e+02
  -1.6010863242133215e+02
  -1.5979859546503423e+02
  -1.6895714584196358e+02
  -1.6822130339897964e+02
  -1.6861727674428118e+02
  -1.7071964462577117e+02
  -1.6594562307852584e+02
  -1.6723345674114961e+02
  -1.6105020419365508e+02
  -1.5972036731812767e+02
  -1.6897895741338309e+02
  -1.6198528072910540e+02
  -1.5994282023291871e+02
  -1.5835109008614825e+02
  -1.5880843011494017e+02
  -1.7069451102488279e+02
  -1.5982405955728200e+02
  -1.6949220082935315e+02
  -1.7301954088661833e+02
  -1.7210785493940341e+02
  -1.5926316953546686e+02
  -1.7301792790331237e+02
  -1.7068841171323004e+02
  -1.6851880156234628e+02
  -1.6873769918483583e+02
  -1.6766086914619217e+02
  -1.6011541530206296e+02
  -1.5916268286276915e+02
  -1.5593433244618745e+02
  -1.5420515776984854e+02
  -1.6952442972838068e+02
  -1.7532479013768432e+02
  -1.7127483104136797e+02
  -1.6791639851537312e+02
  -1.5959874343644196e+02
  -1.6835992380780550e+02
  -1.6041346915140360e+02
  -1.5638982803623833e+02
  -1.5869853443405981e+02
  -1.5861913655492845e+02
  -1.6822840193897187e+02
  -1.5553194199050864e+02
  -1.6946747095262813e+02
  -1.5459784744631426e+02
  -1.5917717287059216e+02
  -1.6888346635851590e+02
  -1.5999488944908703e+02
  -1.7005396221376105e+02
  -1.6159104648911486e+02
  -1.6945386862860073e+02
  -1.6408538389574892e+02
  -1.7325676951117572e+02
  -1.6950653596006086e+02
  -1.7158157799607133e+02
  -1.5526199941512607e+02
  -1.5540747736076588e+02
  -1.5989327246537954e+02
  -1.6826043189340820e+02
  -1.5636525131905762e+02
  -1.5796883592061258e+02
  -1.6359601955108434e+02
  -1.7468784836372959e+02
  -1.7092937191818467e+02
  -1.7147654811682582e+02
  -1.6795597939354280e+02
  -1.5594734488190716e+02
  -1.5735973720093045e+02
  -1.5982870329880123e+02
  -1.5845878134547519e+02
  -1.7192953966050999e+02
  -1.7150389068235069e+02
  -1.7166383990866984e+02
  -1.6795036199885178e+02
  -1.5925265689435335e+02
  -1.6927891681484752e+02
  -1.5748703305824941e+02
  -1.7105918162518205e+02
  -1.7041030814305597e+02
  -1.5895944954314831e+02
  -1.5858947866373435e+02
  -1.6179406092035032e+02
  -1.6119479302202572e+02
  -1.7164831094399315e+02
  -1.6588921480177453e+02
  -1.6010181529465729e+02
  -1.5801451682599128e+02
  -1.7082736039294275e+02
  -1.5598151416824768e+02
  -1.7360535573455363e+02
  -1.7398110974551454e+02
  -1.7030992172879627e+02
  -1.5622407094605802e+02
  -1.5888043569792404e+02
  -1.7291056400050755e+02
  -1.6849495124421136e+02
  -1.7181123197503410e+02
  -1.6997848049606947e+02
  -1.5845441400789795e+02
  -1.5960853273932247e+02
  -1.6123923608248754e+02
  -1.5770152632191989e+02
  -1.7269649526868443e+02
  -1.7033546803794079e+02
  -1.7019100629549638e+02
  -1.7064795796866838e+02
  -1.5784460321516843e+02
  -1.6063485858690998e+02
  -1.7299462075793363e+02
  -1.6081006939838073e+02
  -1.5670344481847823e+02
  -1.5631976228902579e+02
  -1.7641136150627690e+02
  -1.7089580258904203e+02
  -1.6510684810586179e+02
  -1.5901447273871355e+02
  -1.7221499432007730e+02
  -1.7080624706815107e+02
  -1.7024928936405774e+02
  -1.6944060855030517e+02
  -1.6035287638868186e+02
  -1.6061181580131463e+02
  -1.6829550095841248e+02
  -1.6021899943236991e+02
  -1.7328947448382343e+02
  -1.6798464997614184e+02
  -1.7047253708370542e+02
  -1.6994501196704323e+02
  -1.6041251511065775e+02
  -1.5839594993545930e+02
  -1.7175411986697372e+02
  -1.5802715345601217e+02
  -1.6941256005410335e+02
  -1.5880691574855172e+02
  -1.6992330379225245e+02
  -1.7086272258851074e+02
  -1.6207102712100442e+02
  -1.7045286268788306e+02
  -1.5692785434182380e+02
  -1.6943628055597000e+02
  -1.6875187114447345e+02
  -1.6801677631895276e+02
  -1.6180778823700243e+02
  -1.5812646813841260e+02
  -1.7061214050092474e+02
  -1.6216863514811925e+02
  -1.6030098411455057e+02
  -1.7267078460045869e+02
  -1.6986913942155365e+02
  -1.6145068975886969e+02
  -1.5944103398434876e+02
  -1.7092750448249981e+02
  -1.6967496113773345e+02
  -1.6834109473619370e+02
  -1.6019860123684242e+02
  -1.7291968943064884e+02
  -1.5904325367609246e+02
  -1.5712640815117621e+02
  -1.6386853581655853e+02
  -1.7113440575167797e+02
  -1.6596830174334971e+02
  -1.5692450169700086e+02
  -1.5943022421040087e+02
  -1.7070923725731225e+02
  -1.6978268343883974e+02
  -1.6217242696911558e+02
  -1.5782918278658664e+02
  -1.7291767329160331e+02
  -1.6183346442682830e+02
  -1.6036181705576189e+02
  -1.6114470844738534e+02
  -1.6027851572635200e+02
  -1.7250837366095419e+02
  -1.7117908098387457e+02
  -1.6159696336490856e+02
  -1.7168194357152456e+02
  -1.7426441021792490e+02
  -1.6087797883944918e+02
  -1.7130819598427311e+02
  -1.6937406468684497e+02
  -1.6034049228469092e+02
  -1.7145133679671213e+02
  -1.6154263098406685e+02
  -1.6965636814598793e+02
  -1.7152703576726816e+02
  -1.6984603285315083e+02
  -1.5910559173089030e+02
  -1.7513203206792880e+02
  -1.7135640440244626e+02
  -1.6047395047258669e+02
  -1.5984655451134554e+02
  -1.5977115652025057e+02
  -1.7101435477991868e+02
  -1.7502199295661657e+02
  -1.6022416318301518e+02
  -1.6939225988113404e+02
  -1.7109792963006862e+02
  -1.5838229454793625e+02
  -1.5912366413691390e+02
  -1.7136596923044985e+02
  -1.6004835992767545e+02
  -1.7245278148424063e+02
  -1.7048506811198695e+02
  -1.6123511418943991e+02
  -1.5993701795952728e+02
  -1.7087273635787440e+02
  -1.7285389796193846e+02
  -1.7381649718548562e+02
  -1.6232201474692869e+02
  -1.5730695358925507e+02
  -1.7419786715749032e+02
  -1.7242295285880749e+02
  -1.5817303440526021e+02
  -1.6054221013435782e+02
  -1.6390038677219283e+02
  -1.5988128483412476e+02
  -1.7347119138874731e+02
  -1.5916733545819812e+02
  -1.5973625487826993e+02
  -1.7491644816238113e+02
  -1.7175269281056993e+02
  -1.5813410258641980e+02
  -1.7216446053951836e+02
  -1.7134467162286816e+02
  -1.7198697413961645e+02
  -1.6278485972815278e+02
  -1.6349644457028828e+02
  -1.7372682685076214e+02
  -1.5988110684014805e+02
  -1.5957399475648376e+02
  -1.7271929505910674e+02
  -1.5946646113428778e+02
  -1.6090357150176987e+02
  -1.6263164346906046e+02
  -1.7559212761960475e+02
  -1.7318599381559977e+02
  -1.6172564730009140e+02
  -1.6152859074579638e+02
  -1.5895175066591830e+02
  -1.5882007493472821e+02
  -1.5904659675961838e+02
  -1.5829358237090995e+02
  -1.7667050420060002e+02
  -1.7782482789495654e+02
  -1.5909097131440819e+02
  -1.6046853221133750e+02
  -1.6104916932093403e+02
  -1.7711459754431939e+02
  -1.6481466231075115e+02
  -1.5605670079630264e+02
  -1.7996588037443072e+02
  -1.5979548645751618e+02
  -1.6235062172210061e+02
  -1.7778285032965178e+02
  -1.5980675808259855e+02
  -1.7897201578840810e+02
  -1.5739880165396784e+02
  -1.7731470998504813e+02
  -1.5672518985718165e+02
  -1.5971840544999648e+02
  -1.5771643040545476e+02
  -1.5840803635473549e+02
  -1.6029272116821167e+02
  -1.7856955805305671e+02
  -1.7873284956958580e+02
  -1.5689611902557454e+02
  -1.7533437978151974e+02
  -1.7745083491883267e+02
  -1.8064821436276230e+02
  -1.5847408339076799e+02
  -1.7764872950533993e+02
  -1.5948571236976889e+02
  -1.7655382278445725e+02
  -1.6044033001751481e+02
  -1.7631101300833274e+02
  -1.5680141187352396e+02
  -1.6324247633841233e+02
  -1.8019887379338491e+02
  -1.5835440601919345e+02
  -1.5992088087917210e+02
  -1.5990376333313088e+02
  -1.5949372676289565e+02
  -1.6109309383966752e+02
  -1.7839866665456776e+02
  -1.7809556863509786e+02
  -1.5711848743594413e+02
  -1.7799577357267248e+02
  -1.8122001103719541e+02
  -1.5855141854784065e+02
  -1.6156226194712423e+02
  -1.7886067132315679e+02
  -1.7847963721159292e+02
  -1.6019301051119660e+02
  -1.5829188349568361e+02
  -1.6383557494213582e+02
  -1.8129836569071497e+02
  -1.8114526703000675e+02
  -1.8041531627725513e+02
  -1.6099143598099133e+02
  -1.7967403607820819e+02
  -1.8090838090327642e+02
  -1.7816436080691520e+02
  -1.7627232464738825e+02
  -1.6101371284775720e+02
  -1.5878975926846147e+02
  -1.7863131119305038e+02
  -1.5770481284213207e+02
  -1.5920072753899018e+02
  -1.6146844798899224e+02
  -1.5993029541838840e+02
  -1.5987549941088227e+02
  -1.6203668345815308e+02
  -1.5741718017397588e+02
  -1.7974487934401586e+02
  -1.5961723657088970e+02
  -1.8052821106717116e+02
  -1.5970563431986307e+02
  -1.5729429146548068e+02
  -1.8126050583428520e+02
  -1.7843597236674657e+02
  -1.8050229416968330e+02
  -1.5771908236850399e+02
  -1.5838413583039193e+02
  -1.5846012159836360e+02
  -1.5985281803651449e+02
  -1.8130294986975181e+02
  -1.8244368668918128e+02
  -1.7909726474975065e+02
  -1.5606428795181594e+02
  -1.5967582100911744e+02
  -1.5919133299128433e+02
  -1.5905339991860595e+02
  -1.8388203281987998e+02
  -1.5738327200823815e+02
  -1.5704361836744064e+02
  -1.8455975802003482e+02
  -1.8127585963748410e+02
  -1.5403288164127918e+02
  -1.8191304656691898e+02
  -1.7901032304120486e+02
  -1.8043932995127264e+02
  -1.8390847471915697e+02
  -1.7855499278887439e+02
  -1.7897563595346040e+02
  -1.7894041953819629e+02
  -1.5617390074484385e+02
  -1.6014439774007502e+02
  -1.7833219467128970e+02
  -1.7611792252828559e+02
  -1.7949280576411442e+02
  -1.6129796167441546e+02
  -1.7855402391396299e+02
  -1.5973884517861183e+02
  -1.6062577285105806e+02
  -1.7732447212099558e+02
  -1.6305311441419158e+02
  -1.6102549763650654e+02
  -1.7351312708132653e+02
  -1.5938992960857792e+02
  -1.7895004686640161e+02
  -1.7667753448175810e+02
  -1.6094197673506511e+02
  -1.7691755894161903e+02
  -1.5550788405117922e+02
  -1.5809538001864607e+02
  -1.7842940509205502e+02
  -1.7662007245493666e+02
  -1.7519829168044575e+02
