ARMA_MAT_TXT_FN008
1000 1
   1.0101509852158878e+02
   1.0084568236243459e+02
   1.0067423605154997e+02
   1.0088476926526819e+02
   1.0085404496555581e+02
   1.0066193986469779e+02
   1.0034584302811712e+02
   1.0037768543112736e+02
   9.9970398112527150e+01
   9.9492243650292593e+01
   9.8822305134161795e+01
   9.7840571658247200e+01
   9.6267332576435379e+01
   9.4122465377163465e+01
   9.0682903912594014e+01
   8.6652713869512809e+01
   8.2099941816307307e+01
   7.7619714100095052e+01
   7.2709945979523454e+01
   6.8140834569972085e+01
   6.3959219730486950e+01
   5.9451306980506089e+01
   5.5109507576010550e+01
   5.1050559955267516e+01
   4.7600191355981323e+01
   4.3386852241531152e+01
   4.0393212469741286e+01
   3.6814869754389193e+01
   3.3836689089264965e+01
   3.0829584744154463e+01
   2.7866232928443480e+01
   2.5568330898465902e+01
   2.2842684842533259e+01
   2.0373109970429272e+01
   1.7655526411970854e+01
   1.6123321896393229e+01
   1.4262441672420495e+01
   1.1465332848947492e+01
   1.0642408653882809e+01
   8.4064385122134979e+00
   6.8571893396960775e+00
   5.5270819655373158e+00
   4.3217082901594894e+00
   2.6801799937537107e+00
   9.6672346865862580e-01
  -4.3454493937216321e-01
  -1.2697428623684459e+00
  -2.8480360259405177e+00
  -3.8755412745341395e+00
  -5.1232296569013158e+00
  -6.5718301126257792e+00
  -6.5262365632337547e+00
  -7.4674457282633524e+00
  -8.4328971733753519e+00
  -9.4823328052735629e+00
  -9.4520855023073818e+00
  -1.0087924615231289e+01
  -1.1424846120850409e+01
  -1.2119803219153519e+01
  -1.2731653064513630e+01
  -1.2284439803711548e+01
  -1.4249549985834634e+01
  -1.3863988209100858e+01
  -1.4450709566630445e+01
  -1.4712453102756397e+01
  -1.5949122782213573e+01
  -1.5943671171975442e+01
  -1.7133031445604654e+01
  -1.6596296722025997e+01
  -1.7855632535460899e+01
  -1.7797927108594994e+01
  -1.7972808593764796e+01
  -1.8404257732519369e+01
  -1.9244164451522920e+01
  -1.9234074665452248e+01
  -1.9920630163315671e+01
  -2.0283354478253521e+01
  -2.1370679366724392e+01
  -2.0526020194779463e+01
  -2.0832547076791524e+01
  -2.1713061481909676e+01
   0.0000000000000000e+00
   0.0000000000000000e+00
   0.0000000000000000e+00
   0.0000000000000000e+00
   0.0000000000000000e+00
   0.0000000000000000e+00
   0.0000000000000000e+00
   0.0000000000000000e+00
   0.0000000000000000e+00
   0.0000000000000000e+00
   0.0000000000000000e+00
   0.0000000000000000e+00
   0.0000000000000000e+00
   0.0000000000000000e+00
   0.0000000000000000e+00
   0.0000000000000000e+00
   0.0000000000000000e+00
   0.0000000000000000e+00
   0.0000000000000000e+00
   0.0000000000000000e+00
   0.0000000000000000e+00
   0.0000000000000000e+00
   0.0000000000000000e+00
   0.0000000000000000e+00
   0.0000000000000000e+00
   0.0000000000000000e+00
   0.0000000000000000e+00
   0.0000000000000000e+00
   0.0000000000000000e+00
   0.0000000000000000e+00
   0.0000000000000000e+00
   0.0000000000000000e+00
   0.0000000000000000e+00
   0.0000000000000000e+00
   0.0000000000000000e+00
   0.0000000000000000e+00
   0.0000000000000000e+00
   0.0000000000000000e+00
   0.0000000000000000e+00
   0.0000000000000000e+00
   0.0000000000000000e+00
   0.0000000000000000e+00
   0.0000000000000000e+00
   0.0000000000000000e+00
   0.0000000000000000e+00
   0.0000000000000000e+00
   0.0000000000000000e+00
   0.0000000000000000e+00
   0.0000000000000000e+00
   0.0000000000000000e+00
   0.0000000000000000e+00
   0.0000000000000000e+00
   0.0000000000000000e+00
   0.0000000000000000e+00
   0.0000000000000000e+00
   0.0000000000000000e+00
   0.0000000000000000e+00
   0.0000000000000000e+00
   0.0000000000000000e+00
   0.0000000000000000e+00
   0.0000000000000000e+00
   0.0000000000000000e+00
   0.0000000000000000e+00
   0.0000000000000000e+00
   0.0000000000000000e+00
   0.0000000000000000e+00
   0.0000000000000000e+00
   0.0000000000000000e+00
   0.0000000000000000e+00
   0.0000000000000000e+00
   0.0000000000000000e+00
   0.0000000000000000e+00
   0.0000000000000000e+00
   0.0000000000000000e+00
   0.0000000000000000e+00
   0.0000000000000000e+00
   0.0000000000000000e+00
   0.0000000000000000e+00
   0.0000000000000000e+00
   0.0000000000000000e+00
   0.0000000000000000e+00
   0.0000000000000000e+00
   0.0000000000000000e+00
   0.0000000000000000e+00
   0.0000000000000000e+00
   0.0000000000000000e+00
   0.0000000000000000e+00
   0.0000000000000000e+00
   0.0000000000000000e+00
   0.0000000000000000e+00
   0.0000000000000000e+00
   0.0000000000000000e+00
   0.0000000000000000e+00
   0.0000000000000000e+00
   0.0000000000000000e+00
   0.0000000000000000e+00
   0.0000000000000000e+00
   0.0000000000000000e+00
   0.0000000000000000e+00
   0.0000000000000000e+00
   0.0000000000000000e+00
   0.0000000000000000e+00
   0.0000000000000000e+00
   0.0000000000000000e+00
   0.0000000000000000e+00
   0.0000000000000000e+00
   0.0000000000000000e+00
   0.0000000000000000e+00
   0.0000000000000000e+00
   0.0000000000000000e+00
   0.0000000000000000e+00
   0.0000000000000000e+00
   0.0000000000000000e+00
   0.0000000000000000e+00
   0.0000000000000000e+00
   0.0000000000000000e+00
   0.0000000000000000e+00
   0.0000000000000000e+00
   0.0000000000000000e+00
   0.0000000000000000e+00
   0.0000000000000000e+00
   0.0000000000000000e+00
   0.0000000000000000e+00
   0.0000000000000000e+00
   0.0000000000000000e+00
   0.0000000000000000e+00
   0.0000000000000000e+00
   0.0000000000000000e+00
   0.0000000000000000e+00
   0.0000000000000000e+00
   0.0000000000000000e+00
   0.0000000000000000e+00
   0.0000000000000000e+00
   0.0000000000000000e+00
   0.0000000000000000e+00
   0.0000000000000000e+00
   0.0000000000000000e+00
   0.0000000000000000e+00
   0.0000000000000000e+00
   0.0000000000000000e+00
   0.0000000000000000e+00
   0.0000000000000000e+00
   0.0000000000000000e+00
   0.0000000000000000e+00
   0.0000000000000000e+00
   0.0000000000000000e+00
   0.0000000000000000e+00
   0.0000000000000000e+00
   0.0000000000000000e+00
   0.0000000000000000e+00
   0.0000000000000000e+00
   0.0000000000000000e+00
   0.0000000000000000e+00
   0.0000000000000000e+00
   0.0000000000000000e+00
   0.0000000000000000e+00
   0.0000000000000000e+00
   0.0000000000000000e+00
   0.0000000000000000e+00
   0.0000000000000000e+00
   0.0000000000000000e+00
   0.0000000000000000e+00
   0.0000000000000000e+00
   0.0000000000000000e+00
   0.0000000000000000e+00
   0.0000000000000000e+00
   0.0000000000000000e+00
   0.0000000000000000e+00
   0.0000000000000000e+00
   0.0000000000000000e+00
   0.0000000000000000e+00
   0.0000000000000000e+00
   0.0000000000000000e+00
   0.0000000000000000e+00
   0.0000000000000000e+00
   0.0000000000000000e+00
   0.0000000000000000e+00
   0.0000000000000000e+00
   0.0000000000000000e+00
   0.0000000000000000e+00
   0.0000000000000000e+00
   0.0000000000000000e+00
   0.0000000000000000e+00
   0.0000000000000000e+00
   0.0000000000000000e+00
   0.0000000000000000e+00
   0.0000000000000000e+00
   0.0000000000000000e+00
   0.0000000000000000e+00
   0.0000000000000000e+00
   0.0000000000000000e+00
   0.0000000000000000e+00
   0.0000000000000000e+00
   0.0000000000000000e+00
   0.0000000000000000e+00
   0.0000000000000000e+00
   0.0000000000000000e+00
   0.0000000000000000e+00
   0.0000000000000000e+00
   0.0000000000000000e+00
   0.0000000000000000e+00
   0.0000000000000000e+00
   0.0000000000000000e+00
   0.0000000000000000e+00
   0.0000000000000000e+00
   0.0000000000000000e+00
   0.0000000000000000e+00
   0.0000000000000000e+00
   0.0000000000000000e+00
   0.0000000000000000e+00
   0.0000000000000000e+00
   0.0000000000000000e+00
   0.0000000000000000e+00
   0.0000000000000000e+00
   0.0000000000000000e+00
   0.0000000000000000e+00
   0.0000000000000000e+00
   0.0000000000000000e+00
   0.0000000000000000e+00
   0.0000000000000000e+00
   0.0000000000000000e+00
   0.0000000000000000e+00
   0.0000000000000000e+00
   0.0000000000000000e+00
   0.0000000000000000e+00
   0.0000000000000000e+00
   0.0000000000000000e+00
   0.0000000000000000e+00
   0.0000000000000000e+00
   0.0000000000000000e+00
   0.0000000000000000e+00
   0.0000000000000000e+00
   0.0000000000000000e+00
   0.0000000000000000e+00
   0.0000000000000000e+00
   0.0000000000000000e+00
   0.0000000000000000e+00
   0.0000000000000000e+00
   0.0000000000000000e+00
   0.0000000000000000e+00
   0.0000000000000000e+00
   0.0000000000000000e+00
   0.0000000000000000e+00
   0.0000000000000000e+00
   0.0000000000000000e+00
   0.0000000000000000e+00
   0.0000000000000000e+00
   0.0000000000000000e+00
   0.0000000000000000e+00
   0.0000000000000000e+00
   0.0000000000000000e+00
   0.0000000000000000e+00
   0.0000000000000000e+00
   0.0000000000000000e+00
   0.0000000000000000e+00
   0.0000000000000000e+00
   0.0000000000000000e+00
   0.0000000000000000e+00
   0.0000000000000000e+00
   0.0000000000000000e+00
   0.0000000000000000e+00
   0.0000000000000000e+00
   0.0000000000000000e+00
   0.0000000000000000e+00
   0.0000000000000000e+00
   0.0000000000000000e+00
   0.0000000000000000e+00
   0.0000000000000000e+00
   0.0000000000000000e+00
   0.0000000000000000e+00
   0.0000000000000000e+00
   0.0000000000000000e+00
   0.0000000000000000e+00
   0.0000000000000000e+00
   0.0000000000000000e+00
   0.0000000000000000e+00
   0.0000000000000000e+00
   0.0000000000000000e+00
   0.0000000000000000e+00
   0.0000000000000000e+00
   0.0000000000000000e+00
   0.0000000000000000e+00
   0.0000000000000000e+00
   0.0000000000000000e+00
   0.0000000000000000e+00
   0.0000000000000000e+00
   0.0000000000000000e+00
   0.0000000000000000e+00
   0.0000000000000000e+00
   0.0000000000000000e+00
   0.0000000000000000e+00
   0.0000000000000000e+00
   0.0000000000000000e+00
   0.0000000000000000e+00
   0.0000000000000000e+00
   0.0000000000000000e+00
   0.0000000000000000e+00
   0.0000000000000000e+00
   0.0000000000000000e+00
   0.0000000000000000e+00
   0.0000000000000000e+00
   0.0000000000000000e+00
   0.0000000000000000e+00
   0.0000000000000000e+00
   0.0000000000000000e+00
   0.0000000000000000e+00
   0.0000000000000000e+00
   0.0000000000000000e+00
   0.0000000000000000e+00
   0.0000000000000000e+00
   0.0000000000000000e+00
   0.0000000000000000e+00
   0.0000000000000000e+00
   0.0000000000000000e+00
   0.0000000000000000e+00
   0.0000000000000000e+00
   0.0000000000000000e+00
   0.0000000000000000e+00
   0.0000000000000000e+00
   0.0000000000000000e+00
   0.0000000000000000e+00
   0.0000000000000000e+00
   0.0000000000000000e+00
   0.0000000000000000e+00
   0.0000000000000000e+00
   0.0000000000000000e+00
   0.0000000000000000e+00
   0.0000000000000000e+00
   0.0000000000000000e+00
   0.0000000000000000e+00
   0.0000000000000000e+00
   0.0000000000000000e+00
   0.0000000000000000e+00
   0.0000000000000000e+00
   0.0000000000000000e+00
   0.0000000000000000e+00
   0.0000000000000000e+00
   0.0000000000000000e+00
   0.0000000000000000e+00
   0.0000000000000000e+00
   0.0000000000000000e+00
   0.0000000000000000e+00
   0.0000000000000000e+00
   0.0000000000000000e+00
   0.0000000000000000e+00
   0.0000000000000000e+00
   0.0000000000000000e+00
   0.0000000000000000e+00
   0.0000000000000000e+00
   0.0000000000000000e+00
   0.0000000000000000e+00
   0.0000000000000000e+00
   0.0000000000000000e+00
   0.0000000000000000e+00
   0.0000000000000000e+00
   0.0000000000000000e+00
   0.0000000000000000e+00
   0.0000000000000000e+00
   0.0000000000000000e+00
   0.0000000000000000e+00
   0.0000000000000000e+00
   0.0000000000000000e+00
   0.0000000000000000e+00
   0.0000000000000000e+00
   0.0000000000000000e+00
   0.0000000000000000e+00
   0.0000000000000000e+00
   0.0000000000000000e+00
   0.0000000000000000e+00
   0.0000000000000000e+00
   0.0000000000000000e+00
   0.0000000000000000e+00
   0.0000000000000000e+00
   0.0000000000000000e+00
   0.0000000000000000e+00
   0.0000000000000000e+00
   0.0000000000000000e+00
   0.0000000000000000e+00
   0.0000000000000000e+00
   0.0000000000000000e+00
   0.0000000000000000e+00
   0.0000000000000000e+00
   0.0000000000000000e+00
   0.0000000000000000e+00
   0.0000000000000000e+00
   0.0000000000000000e+00
   0.0000000000000000e+00
   0.0000000000000000e+00
   0.0000000000000000e+00
   0.0000000000000000e+00
   0.0000000000000000e+00
   0.0000000000000000e+00
   0.0000000000000000e+00
   0.0000000000000000e+00
   0.0000000000000000e+00
   0.0000000000000000e+00
   0.0000000000000000e+00
   0.0000000000000000e+00
   0.0000000000000000e+00
   0.0000000000000000e+00
   0.0000000000000000e+00
   0.0000000000000000e+00
   0.0000000000000000e+00
   0.0000000000000000e+00
   0.0000000000000000e+00
   0.0000000000000000e+00
   0.0000000000000000e+00
   0.0000000000000000e+00
   0.0000000000000000e+00
   0.0000000000000000e+00
   0.0000000000000000e+00
   0.0000000000000000e+00
   0.0000000000000000e+00
   0.0000000000000000e+00
   0.0000000000000000e+00
   0.0000000000000000e+00
   0.0000000000000000e+00
   0.0000000000000000e+00
   0.0000000000000000e+00
   0.0000000000000000e+00
   0.0000000000000000e+00
   0.0000000000000000e+00
   0.0000000000000000e+00
   0.0000000000000000e+00
   0.0000000000000000e+00
   0.0000000000000000e+00
   0.0000000000000000e+00
   0.0000000000000000e+00
   0.0000000000000000e+00
   0.0000000000000000e+00
   0.0000000000000000e+00
   0.0000000000000000e+00
   0.0000000000000000e+00
   0.0000000000000000e+00
   0.0000000000000000e+00
   0.0000000000000000e+00
   0.0000000000000000e+00
   0.0000000000000000e+00
   0.0000000000000000e+00
   0.0000000000000000e+00
   0.0000000000000000e+00
   0.0000000000000000e+00
   0.0000000000000000e+00
   0.0000000000000000e+00
   0.0000000000000000e+00
   0.0000000000000000e+00
   0.0000000000000000e+00
   0.0000000000000000e+00
   0.0000000000000000e+00
   0.0000000000000000e+00
   0.0000000000000000e+00
   0.0000000000000000e+00
   0.0000000000000000e+00
   0.0000000000000000e+00
   0.0000000000000000e+00
   0.0000000000000000e+00
   0.0000000000000000e+00
   0.0000000000000000e+00
   0.0000000000000000e+00
   0.0000000000000000e+00
   0.0000000000000000e+00
   0.0000000000000000e+00
   0.0000000000000000e+00
   0.0000000000000000e+00
   0.0000000000000000e+00
   0.0000000000000000e+00
   0.0000000000000000e+00
   0.0000000000000000e+00
   0.0000000000000000e+00
   0.0000000000000000e+00
   0.0000000000000000e+00
   0.0000000000000000e+00
   0.0000000000000000e+00
   0.0000000000000000e+00
   0.0000000000000000e+00
   0.0000000000000000e+00
   0.0000000000000000e+00
   0.0000000000000000e+00
   0.0000000000000000e+00
   0.0000000000000000e+00
   0.0000000000000000e+00
   0.0000000000000000e+00
   0.0000000000000000e+00
   0.0000000000000000e+00
   0.0000000000000000e+00
   0.0000000000000000e+00
   0.0000000000000000e+00
   0.0000000000000000e+00
   0.0000000000000000e+00
   0.0000000000000000e+00
   0.0000000000000000e+00
   0.0000000000000000e+00
   0.0000000000000000e+00
   0.0000000000000000e+00
   0.0000000000000000e+00
   0.0000000000000000e+00
   0.0000000000000000e+00
   0.0000000000000000e+00
   0.0000000000000000e+00
   0.0000000000000000e+00
   0.0000000000000000e+00
   0.0000000000000000e+00
   0.0000000000000000e+00
   0.0000000000000000e+00
   0.0000000000000000e+00
   0.0000000000000000e+00
   0.0000000000000000e+00
   0.0000000000000000e+00
   0.0000000000000000e+00
   0.0000000000000000e+00
   0.0000000000000000e+00
   0.0000000000000000e+00
   0.0000000000000000e+00
   0.0000000000000000e+00
   0.0000000000000000e+00
   0.0000000000000000e+00
   0.0000000000000000e+00
   0.0000000000000000e+00
   0.0000000000000000e+00
   0.0000000000000000e+00
   0.0000000000000000e+00
   0.0000000000000000e+00
   0.0000000000000000e+00
   0.0000000000000000e+00
   0.0000000000000000e+00
   0.0000000000000000e+00
   0.0000000000000000e+00
   0.0000000000000000e+00
   0.0000000000000000e+00
   0.0000000000000000e+00
   0.0000000000000000e+00
   0.0000000000000000e+00
   0.0000000000000000e+00
   0.0000000000000000e+00
   0.0000000000000000e+00
   0.0000000000000000e+00
   0.0000000000000000e+00
   0.0000000000000000e+00
   0.0000000000000000e+00
   0.0000000000000000e+00
   0.0000000000000000e+00
   0.0000000000000000e+00
   0.0000000000000000e+00
   0.0000000000000000e+00
   0.0000000000000000e+00
   0.0000000000000000e+00
   0.0000000000000000e+00
   0.0000000000000000e+00
   0.0000000000000000e+00
   0.0000000000000000e+00
   0.0000000000000000e+00
   0.0000000000000000e+00
   0.0000000000000000e+00
   0.0000000000000000e+00
   0.0000000000000000e+00
   0.0000000000000000e+00
   0.0000000000000000e+00
   0.0000000000000000e+00
   0.0000000000000000e+00
   0.0000000000000000e+00
   0.0000000000000000e+00
   0.0000000000000000e+00
   0.0000000000000000e+00
   0.0000000000000000e+00
   0.0000000000000000e+00
   0.0000000000000000e+00
   0.0000000000000000e+00
   0.0000000000000000e+00
   0.0000000000000000e+00
   0.0000000000000000e+00
   0.0000000000000000e+00
   0.0000000000000000e+00
   0.0000000000000000e+00
   0.0000000000000000e+00
   0.0000000000000000e+00
   0.0000000000000000e+00
   0.0000000000000000e+00
   0.0000000000000000e+00
   0.0000000000000000e+00
   0.0000000000000000e+00
   0.0000000000000000e+00
   0.0000000000000000e+00
   0.0000000000000000e+00
   0.0000000000000000e+00
   0.0000000000000000e+00
   0.0000000000000000e+00
   0.0000000000000000e+00
   0.0000000000000000e+00
   0.0000000000000000e+00
   0.0000000000000000e+00
   0.0000000000000000e+00
   0.0000000000000000e+00
   0.0000000000000000e+00
   0.0000000000000000e+00
   0.0000000000000000e+00
   0.0000000000000000e+00
   0.0000000000000000e+00
   0.0000000000000000e+00
   0.0000000000000000e+00
   0.0000000000000000e+00
   0.0000000000000000e+00
   0.0000000000000000e+00
   0.0000000000000000e+00
   0.0000000000000000e+00
   0.0000000000000000e+00
   0.0000000000000000e+00
   0.0000000000000000e+00
   0.0000000000000000e+00
   0.0000000000000000e+00
   0.0000000000000000e+00
   0.0000000000000000e+00
   0.0000000000000000e+00
   0.0000000000000000e+00
   0.0000000000000000e+00
   0.0000000000000000e+00
   0.0000000000000000e+00
   0.0000000000000000e+00
   0.0000000000000000e+00
   0.0000000000000000e+00
   0.0000000000000000e+00
   0.0000000000000000e+00
   0.0000000000000000e+00
   0.0000000000000000e+00
   0.0000000000000000e+00
   0.0000000000000000e+00
   0.0000000000000000e+00
   0.0000000000000000e+00
   0.0000000000000000e+00
   0.0000000000000000e+00
   0.0000000000000000e+00
   0.0000000000000000e+00
   0.0000000000000000e+00
   0.0000000000000000e+00
   0.0000000000000000e+00
   0.0000000000000000e+00
   0.0000000000000000e+00
   0.0000000000000000e+00
   0.0000000000000000e+00
   0.0000000000000000e+00
   0.0000000000000000e+00
   0.0000000000000000e+00
   0.0000000000000000e+00
   0.0000000000000000e+00
   0.0000000000000000e+00
   0.0000000000000000e+00
   0.0000000000000000e+00
   0.0000000000000000e+00
   0.0000000000000000e+00
   0.0000000000000000e+00
   0.0000000000000000e+00
   0.0000000000000000e+00
   0.0000000000000000e+00
   0.0000000000000000e+00
   0.0000000000000000e+00
   0.0000000000000000e+00
   0.0000000000000000e+00
   0.0000000000000000e+00
   0.0000000000000000e+00
   0.0000000000000000e+00
   0.0000000000000000e+00
   0.0000000000000000e+00
   0.0000000000000000e+00
   0.0000000000000000e+00
   0.0000000000000000e+00
   0.0000000000000000e+00
   0.0000000000000000e+00
   0.0000000000000000e+00
   0.0000000000000000e+00
   0.0000000000000000e+00
   0.0000000000000000e+00
   0.0000000000000000e+00
   0.0000000000000000e+00
   0.0000000000000000e+00
   0.0000000000000000e+00
   0.0000000000000000e+00
   0.0000000000000000e+00
   0.0000000000000000e+00
   0.0000000000000000e+00
   0.0000000000000000e+00
   0.0000000000000000e+00
   0.0000000000000000e+00
   0.0000000000000000e+00
   0.0000000000000000e+00
   0.0000000000000000e+00
   0.0000000000000000e+00
   0.0000000000000000e+00
   0.0000000000000000e+00
   0.0000000000000000e+00
   0.0000000000000000e+00
   0.0000000000000000e+00
   0.0000000000000000e+00
   0.0000000000000000e+00
   0.0000000000000000e+00
   0.0000000000000000e+00
   0.0000000000000000e+00
   0.0000000000000000e+00
   0.0000000000000000e+00
   0.0000000000000000e+00
   0.0000000000000000e+00
   0.0000000000000000e+00
   0.0000000000000000e+00
   0.0000000000000000e+00
   0.0000000000000000e+00
   0.0000000000000000e+00
   0.0000000000000000e+00
   0.0000000000000000e+00
   0.0000000000000000e+00
   0.0000000000000000e+00
   0.0000000000000000e+00
   0.0000000000000000e+00
   0.0000000000000000e+00
   0.0000000000000000e+00
   0.0000000000000000e+00
   0.0000000000000000e+00
   0.0000000000000000e+00
   0.0000000000000000e+00
   0.0000000000000000e+00
   0.0000000000000000e+00
   0.0000000000000000e+00
   0.0000000000000000e+00
   0.0000000000000000e+00
   0.0000000000000000e+00
   0.0000000000000000e+00
   0.0000000000000000e+00
   0.0000000000000000e+00
   0.0000000000000000e+00
   0.0000000000000000e+00
   0.0000000000000000e+00
   0.0000000000000000e+00
   0.0000000000000000e+00
   0.0000000000000000e+00
   0.0000000000000000e+00
   0.0000000000000000e+00
   0.0000000000000000e+00
   0.0000000000000000e+00
   0.0000000000000000e+00
   0.0000000000000000e+00
   0.0000000000000000e+00
   0.0000000000000000e+00
   0.0000000000000000e+00
   0.0000000000000000e+00
   0.0000000000000000e+00
   0.0000000000000000e+00
   0.0000000000000000e+00
   0.0000000000000000e+00
   0.0000000000000000e+00
   0.0000000000000000e+00
   0.0000000000000000e+00
   0.0000000000000000e+00
   0.0000000000000000e+00
   0.0000000000000000e+00
   0.0000000000000000e+00
   0.0000000000000000e+00
   0.0000000000000000e+00
   0.0000000000000000e+00
   0.0000000000000000e+00
   0.0000000000000000e+00
   0.0000000000000000e+00
   0.0000000000000000e+00
   0.0000000000000000e+00
   0.0000000000000000e+00
   0.0000000000000000e+00
   0.0000000000000000e+00
   0.0000000000000000e+00
   0.0000000000000000e+00
   0.0000000000000000e+00
   0.0000000000000000e+00
   0.0000000000000000e+00
   0.0000000000000000e+00
   0.0000000000000000e+00
   0.0000000000000000e+00
   0.0000000000000000e+00
   0.0000000000000000e+00
   0.0000000000000000e+00
   0.0000000000000000e+00
   0.0000000000000000e+00
   0.0000000000000000e+00
   0.0000000000000000e+00
   0.0000000000000000e+00
   0.0000000000000000e+00
   0.0000000000000000e+00
   0.0000000000000000e+00
   0.0000000000000000e+00
   0.0000000000000000e+00
   0.0000000000000000e+00
   0.0000000000000000e+00
   0.0000000000000000e+00
   0.0000000000000000e+00
   0.0000000000000000e+00
   0.0000000000000000e+00
   0.0000000000000000e+00
   0.0000000000000000e+00
   0.0000000000000000e+00
   0.0000000000000000e+00
   0.0000000000000000e+00
   0.0000000000000000e+00
   0.0000000000000000e+00
   0.0000000000000000e+00
   0.0000000000000000e+00
   0.0000000000000000e+00
   0.0000000000000000e+00
   0.0000000000000000e+00
   0.0000000000000000e+00
   0.0000000000000000e+00
   0.0000000000000000e+00
   0.0000000000000000e+00
   0.0000000000000000e+00
   0.0000000000000000e+00
   0.0000000000000000e+00
   0.0000000000000000e+00
   0.0000000000000000e+00
   0.0000000000000000e+00
   0.0000000000000000e+00
   0.0000000000000000e+00
   0.0000000000000000e+00
   0.0000000000000000e+00
   0.0000000000000000e+00
   0.0000000000000000e+00
   0.0000000000000000e+00
   0.0000000000000000e+00
   0.0000000000000000e+00
   0.0000000000000000e+00
   0.0000000000000000e+00
   0.0000000000000000e+00
   0.0000000000000000e+00
   0.0000000000000000e+00
   0.0000000000000000e+00
   0.0000000000000000e+00
   0.0000000000000000e+00
   0.0000000000000000e+00
   0.0000000000000000e+00
   0.0000000000000000e+00
   0.0000000000000000e+00
   0.0000000000000000e+00
   0.0000000000000000e+00
   0.0000000000000000e+00
   0.0000000000000000e+00
   0.0000000000000000e+00
   0.0000000000000000e+00
   0.0000000000000000e+00
   0.0000000000000000e+00
   0.0000000000000000e+00
   0.0000000000000000e+00
   0.0000000000000000e+00
   0.0000000000000000e+00
   0.0000000000000000e+00
   0.0000000000000000e+00
   0.0000000000000000e+00
   0.0000000000000000e+00
   0.0000000000000000e+00
   0.0000000000000000e+00
   0.0000000000000000e+00
   0.0000000000000000e+00
   0.0000000000000000e+00
   0.0000000000000000e+00
   0.0000000000000000e+00
   0.0000000000000000e+00
   0.0000000000000000e+00
   0.0000000000000000e+00
   0.0000000000000000e+00
   0.0000000000000000e+00
   0.0000000000000000e+00
   0.0000000000000000e+00
   0.0000000000000000e+00
   0.0000000000000000e+00
   0.0000000000000000e+00
   0.0000000000000000e+00
   0.0000000000000000e+00
   0.0000000000000000e+00
   0.0000000000000000e+00
   0.0000000000000000e+00
   0.0000000000000000e+00
   0.0000000000000000e+00
   0.0000000000000000e+00
   0.0000000000000000e+00
   0.0000000000000000e+00
   0.0000000000000000e+00
   0.0000000000000000e+00
   0.0000000000000000e+00
   0.0000000000000000e+00
   0.0000000000000000e+00
   0.0000000000000000e+00
   0.0000000000000000e+00
   0.0000000000000000e+00
   0.0000000000000000e+00
   0.0000000000000000e+00
   0.0000000000000000e+00
   0.0000000000000000e+00
   0.0000000000000000e+00
   0.0000000000000000e+00
   0.0000000000000000e+00
   0.0000000000000000e+00
   0.0000000000000000e+00
   0.0000000000000000e+00
   0.0000000000000000e+00
   0.0000000000000000e+00
   0.0000000000000000e+00
   0.0000000000000000e+00
   0.0000000000000000e+00
   0.0000000000000000e+00
   0.0000000000000000e+00
   0.0000000000000000e+00
   0.0000000000000000e+00
   0.0000000000000000e+00
   0.0000000000000000e+00
   0.0000000000000000e+00
   0.0000000000000000e+00
   0.0000000000000000e+00
   0.0000000000000000e+00
   0.0000000000000000e+00
   0.0000000000000000e+00
   0.0000000000000000e+00
   0.0000000000000000e+00
   0.0000000000000000e+00
   0.0000000000000000e+00
   0.0000000000000000e+00
   0.0000000000000000e+00
   0.0000000000000000e+00
   0.0000000000000000e+00
