ARMA_MAT_TXT_FN008
1000 1
   5.4848757749115428e+01
   5.5521331295605854e+01
   5.5151334731752883e+01
   5.5406173024710434e+01
   5.5069653627107094e+01
   5.4891627196731655e+01
   5.5319155112900198e+01
   5.4505486788791664e+01
   5.4664931281703979e+01
   5.3447757624152011e+01
   5.3999680705815123e+01
   5.1069458154211596e+01
   4.7847533723203036e+01
   5.3086226755562997e+01
   1.8294399546753244e+01
   1.0504952413505015e+01
   5.0298718325781300e+00
   2.4134610010594892e-01
  -3.7922304448242437e+00
  -8.7619831278097493e+00
  -1.0565172159468407e+01
  -1.3726384053557579e+01
  -1.7185562323215908e+01
  -1.9443253814427287e+01
  -2.3167209572690155e+01
  -2.6140371217843693e+01
  -2.9915266620328307e+01
  -3.3502092718271165e+01
  -3.9005338616683623e+01
  -4.4765485914641580e+01
  -5.1803151279490478e+01
  -5.9602403233195886e+01
  -7.1198242137645622e+01
  -7.4710186040575991e+01
  -8.3152544720455381e+01
  -7.8659479530932444e+01
  -8.1306427005925698e+01
  -8.7728236386741798e+01
  -8.8264241730929854e+01
  -9.4616645263455638e+01
  -9.3345697420856666e+01
  -1.0397283412556450e+02
  -1.0056918579959155e+02
  -1.0739822802972563e+02
  -1.0620188318039700e+02
  -1.1148337063857683e+02
  -1.1569809673968612e+02
  -1.2063403976394756e+02
  -1.1845034583107612e+02
  -1.2162499251092959e+02
  -1.2021230993377978e+02
  -1.2938670161687838e+02
  -1.2331519917133740e+02
  -1.3942157593455903e+02
  -1.3232649072517071e+02
  -1.4973477026287787e+02
  -1.5078920094822013e+02
  -1.4935971914215358e+02
  -1.5308045388993389e+02
  -1.5112131258411131e+02
  -1.4604224004538929e+02
  -1.4416428410339796e+02
  -1.6472284243743832e+02
  -1.6087002184446163e+02
  -1.5723780414897439e+02
  -1.5505742715247436e+02
  -1.5479164977269508e+02
  -1.7373210207031224e+02
  -1.5973329479301864e+02
  -1.5900275946375015e+02
  -1.5904265664676348e+02
  -1.8544502496033556e+02
  -1.6346739444316646e+02
  -1.8735137239883008e+02
  -1.6789562509592182e+02
  -1.8595894149999475e+02
  -1.9478223063569169e+02
  -1.9865199416037501e+02
  -1.7638332892173509e+02
  -1.7870290620392697e+02
  -2.0695274446359133e+02
  -2.0954327977773170e+02
  -2.1045057780465871e+02
  -1.8764383971087395e+02
  -2.1585869953046316e+02
  -2.0188482356730461e+02
  -1.9278282479723208e+02
  -1.9406719487709259e+02
  -2.2691666869710767e+02
  -2.2997507206933614e+02
  -2.3187216281915792e+02
  -2.3391432884809299e+02
  -2.3564775631372765e+02
  -2.3653038513777963e+02
  -2.1035740525086572e+02
  -2.3958902848534152e+02
  -2.4113984526262632e+02
  -2.1509551377897776e+02
  -2.4542929596106868e+02
  -2.4720625749723646e+02
  -2.4927560892728962e+02
  -2.2083040327152801e+02
  -2.5455590993697024e+02
  -2.5620205417827520e+02
  -2.2627212877362567e+02
  -2.6048310407795896e+02
  -2.6392849882586410e+02
  -2.6573372551041086e+02
  -2.6822128500636603e+02
  -2.7039415773813641e+02
  -2.7046973216617073e+02
  -2.7276396196236135e+02
  -2.4427248554691923e+02
  -2.7648120642520047e+02
  -2.4461271578714332e+02
  -2.4611364274534043e+02
  -2.4642175219886019e+02
  -2.8338729948762710e+02
  -2.5132737086187899e+02
  -2.8778976568320456e+02
  -2.7878146503156154e+02
  -2.9148123489419169e+02
  -2.9311414194967153e+02
  -2.9457944658547927e+02
  -2.9667057975435353e+02
  -2.6430693023367223e+02
  -3.0055262079996663e+02
  -3.0188186928946760e+02
  -3.0285596957949230e+02
  -2.9149073894745248e+02
  -3.0474888969686623e+02
  -3.0450384034269570e+02
  -2.7934147869173245e+02
  -3.0680389369171291e+02
  -3.0475292778324985e+02
  -2.8452657357366286e+02
  -3.0863517364215704e+02
  -2.8642737150410835e+02
  -3.1212498812778290e+02
  -3.1328218398196378e+02
  -3.1645949491711679e+02
  -2.9361355926255493e+02
  -3.2049665208218863e+02
  -2.9673311177398392e+02
  -2.9761520995468055e+02
  -2.9956088426255985e+02
  -3.2929188630823904e+02
  -3.0268919314404377e+02
  -3.3376836457051451e+02
  -3.3577873448384469e+02
  -3.0765543904591999e+02
  -3.4006312918360720e+02
  -3.1108992212048139e+02
  -3.1340014505059656e+02
  -3.4667525623282341e+02
  -3.4920265352188943e+02
  -3.1783176067437597e+02
  -3.5336957937231972e+02
  -3.5632473460411683e+02
  -3.5759144779084937e+02
  -3.5975176675754835e+02
  -3.4848960770781679e+02
  -3.6380124520702736e+02
  -3.6583696966850266e+02
  -3.6682268680938284e+02
  -3.6284295854949210e+02
  -3.7055387091076909e+02
  -3.7081556303165758e+02
  -3.7225796560707983e+02
  -3.7097725117667989e+02
  -3.4320904163580929e+02
  -3.7398008832512016e+02
  -3.7258858224881021e+02
  -3.7285339002390418e+02
  -3.7204317100663957e+02
  -3.6892620491718310e+02
  -3.5611514330861098e+02
  -3.7171047394354861e+02
  -3.5622079887607009e+02
  -3.7205701409499255e+02
  -3.5944692837029078e+02
  -3.7482271458493000e+02
  -3.6306048227074882e+02
  -3.6378068163455976e+02
  -3.7022013145817124e+02
  -3.6675069849236604e+02
  -3.6801463404590521e+02
  -3.6953912588341598e+02
  -3.9160787091641470e+02
  -3.7253761842034021e+02
  -3.9481059635277006e+02
  -3.9614674982018840e+02
  -3.7628970654067814e+02
  -4.0016294522057387e+02
  -3.8052055044499969e+02
  -4.0424675648047258e+02
  -4.0738800218985409e+02
  -4.0326051548408117e+02
  -4.1063173849717907e+02
  -4.1163475914865518e+02
  -3.8959385212613483e+02
  -4.1663507373904088e+02
  -4.1875199087426330e+02
  -4.1794141976386192e+02
  -4.2309028372666137e+02
  -4.2391176428504622e+02
  -4.2558271315407501e+02
  -4.2774021981712895e+02
  -4.1499875961140509e+02
  -4.2977311169979862e+02
  -4.2961502280424247e+02
  -4.0769394989739794e+02
  -4.2262216698491704e+02
  -4.3476322883495072e+02
  -4.3632057625711684e+02
  -4.1407025967539283e+02
  -4.3884985877465613e+02
  -4.1732501380748573e+02
  -4.4172902153468232e+02
  -4.4259433317035530e+02
  -4.4458517212158796e+02
  -4.4594902384037312e+02
  -4.2485195711113130e+02
  -4.4990325797762574e+02
  -4.5079281733852281e+02
  -4.5235716534997198e+02
  -4.5380557972993358e+02
  -4.5296922778803020e+02
  -4.5561702972973575e+02
  -4.3498227005940163e+02
  -4.5149681267998704e+02
  -4.5894645758566242e+02
  -4.5971521564138430e+02
  -4.5925365234443444e+02
  -4.4318795672686889e+02
  -4.6260038336024246e+02
  -4.6119927029045243e+02
  -4.6167549207589610e+02
  -4.6114532701539082e+02
  -4.5110172533516482e+02
  -4.6501017143661966e+02
  -4.5349584803221393e+02
  -4.5536558831157527e+02
  -4.5676547495238668e+02
  -4.5921349438612060e+02
  -4.7496178771517043e+02
  -4.6111155798767265e+02
  -4.6145299097244003e+02
  -4.7976392491677200e+02
  -4.7910228525666844e+02
  -4.6604405997831401e+02
  -4.6757058906527908e+02
  -4.6856287443742502e+02
  -4.8941382370661449e+02
  -4.8819717108823528e+02
  -4.8321299150446504e+02
  -4.8794779346855285e+02
  -4.8584523833547451e+02
  -4.7809058414106806e+02
  -4.7930383522254175e+02
  -4.8808941478951294e+02
  -4.8079565298298252e+02
  -4.9948526213869275e+02
  -4.8421997662704365e+02
  -4.9218258332963774e+02
  -4.9721001547536878e+02
  -5.0423013957885604e+02
  -4.8903586956843969e+02
  -5.0859975802384753e+02
  -5.0830831573827027e+02
  -5.1039620227371063e+02
  -5.1175752343276730e+02
  -5.1244764059814952e+02
  -5.0333911065528764e+02
  -5.1346383149727581e+02
  -5.0188398392653670e+02
  -5.0287866410118414e+02
  -5.0954959703618010e+02
  -5.2224530986888897e+02
  -5.2207338460651249e+02
  -5.2129559116875294e+02
  -5.1033369968931294e+02
  -5.1109861001987019e+02
  -5.1274344101137945e+02
  -5.3213566578112932e+02
  -5.2823452450592401e+02
  -5.1669670209065782e+02
  -5.3050598996745998e+02
  -5.2922039295346644e+02
  -5.2981045487468009e+02
  -5.2854152346988792e+02
  -5.2428519545591780e+02
  -5.2483913422497096e+02
  -5.3599279868651661e+02
  -5.2702938880119154e+02
  -5.3485344087293254e+02
  -5.2991614941789521e+02
  -5.3681147539517121e+02
  -5.3215039308209657e+02
  -5.4146642550142747e+02
  -5.4324718141640960e+02
  -5.3658290976960734e+02
  -5.4746472454016987e+02
  -5.4894428095046169e+02
  -5.5087558172547244e+02
  -5.5280559914058904e+02
  -5.4340356285122209e+02
  -5.4550462775129131e+02
  -5.4620067923885665e+02
  -5.6110248039553449e+02
  -5.5342856614785637e+02
  -5.6380502084693205e+02
  -5.5454509623901686e+02
  -5.5376390667019575e+02
  -5.6961748525170549e+02
  -5.6999159754243544e+02
  -5.7337745638296440e+02
  -5.7481787768664037e+02
  -5.6795264113414157e+02
  -5.7638424662397472e+02
  -5.7691793916685185e+02
  -5.6943586095967976e+02
  -5.6570132406139487e+02
  -5.7832612699941967e+02
  -5.8194895196720870e+02
  -5.7302472895706796e+02
  -5.8375454651754933e+02
  -5.8223839577802573e+02
  -5.8053338241429651e+02
  -5.7538519655670177e+02
  -5.7606052234020535e+02
  -5.7858862266527785e+02
  -5.8023595481653990e+02
  -5.8136414931404033e+02
  -5.8122476457951791e+02
  -5.9739808335275382e+02
  -5.8481817323099790e+02
  -5.8572265073615529e+02
  -5.8650814934107439e+02
  -5.8793087580802637e+02
  -5.9385857965438538e+02
  -5.8855366635622192e+02
  -5.9014616262928178e+02
  -5.9154841192815263e+02
  -5.9161272144591635e+02
  -5.9996380022594110e+02
  -5.9264340933424160e+02
  -5.9475929347299029e+02
  -5.9265615397924637e+02
  -5.9334132289423394e+02
  -5.9170701576895885e+02
  -5.9520014374703749e+02
  -5.9518920282257466e+02
  -5.9544482715559514e+02
  -5.9418192813391465e+02
  -5.9746466220911077e+02
  -5.9671110882564381e+02
  -5.9553852215220275e+02
  -6.0104696008690360e+02
  -5.9796586690786819e+02
  -5.9829976935356274e+02
  -5.9738571635126300e+02
  -5.9862420284329278e+02
  -6.0997286489860289e+02
  -6.0015471078042458e+02
  -6.0153055212493803e+02
  -6.0186397823361688e+02
  -6.1371553835521138e+02
  -6.1233172808586971e+02
  -6.0817612596009951e+02
  -6.1324866177150443e+02
  -6.1040926079401356e+02
  -6.0920098307412411e+02
  -6.1097731545911427e+02
  -6.1142824511060462e+02
  -6.1219059360648521e+02
  -6.1340589577607250e+02
  -6.1355547218878144e+02
  -6.1900223232134431e+02
  -6.1599575023924183e+02
  -6.1730902792368647e+02
  -6.1760672859886370e+02
  -6.1937754585095024e+02
  -6.2140065229661684e+02
  -6.2094123725354166e+02
  -6.2354298413911476e+02
  -6.2247987767495658e+02
  -6.2239235167850029e+02
  -6.2883217569221881e+02
  -6.2722271201781928e+02
  -6.2688504531446927e+02
  -6.3024403684982701e+02
  -6.3561639832338142e+02
  -6.3768593222664492e+02
  -6.3873756455930152e+02
  -6.4120244084719764e+02
  -6.4184615242830500e+02
  -6.4279931088801197e+02
  -6.3872608294331576e+02
  -6.4058646420854882e+02
  -6.4853621465403285e+02
  -6.4917625808732510e+02
  -6.4633545774727747e+02
  -6.5185890584267997e+02
  -6.5321250843709981e+02
  -6.5284261795745363e+02
  -6.5142192927580925e+02
  -6.4959744573064472e+02
  -6.5131499675250143e+02
  -6.5235685842981331e+02
  -6.5610982746903744e+02
  -6.5551450427376722e+02
  -6.5406170153014261e+02
  -6.5749902203883141e+02
  -6.5510661327678361e+02
  -6.5451001304029978e+02
  -6.6230634534132821e+02
  -6.5489624611445402e+02
  -6.5552349175881125e+02
  -6.5525233810554312e+02
  -6.6769115551961431e+02
  -6.5770239935550330e+02
  -6.6910795311108438e+02
  -6.7089499440961163e+02
  -6.6338105809951946e+02
  -6.7190786454044371e+02
  -6.7494149312251568e+02
  -6.7440127992571297e+02
  -6.7494403992785658e+02
  -6.6607006012726151e+02
  -6.7198465673660291e+02
  -6.7485133800056417e+02
  -6.7661695751551667e+02
  -6.7537908996513511e+02
  -6.7037841239405486e+02
  -6.7254138912388635e+02
  -6.7167260289493720e+02
  -6.8345188403527879e+02
  -6.7763961578075441e+02
  -6.7615745192714917e+02
  -6.7528458474210061e+02
  -6.8119587785049646e+02
  -6.7843955089087467e+02
  -6.7922505383341525e+02
  -6.7943921946548369e+02
  -6.8078875824590614e+02
  -6.8262316906507851e+02
  -6.8319123887252181e+02
  -6.8343807324980571e+02
  -6.8153709740069587e+02
  -6.8532886993746718e+02
  -6.9152193640114785e+02
  -6.9139372154567889e+02
  -6.9238373640072007e+02
  -6.8861348159899967e+02
  -6.8680966320397272e+02
                     -inf
                      nan
                      nan
   0.0000000000000000e+00
   0.0000000000000000e+00
   0.0000000000000000e+00
   0.0000000000000000e+00
   0.0000000000000000e+00
   0.0000000000000000e+00
   0.0000000000000000e+00
   0.0000000000000000e+00
   0.0000000000000000e+00
   0.0000000000000000e+00
   0.0000000000000000e+00
   0.0000000000000000e+00
   0.0000000000000000e+00
   0.0000000000000000e+00
   0.0000000000000000e+00
   0.0000000000000000e+00
   0.0000000000000000e+00
   0.0000000000000000e+00
   0.0000000000000000e+00
   0.0000000000000000e+00
   0.0000000000000000e+00
   0.0000000000000000e+00
   0.0000000000000000e+00
   0.0000000000000000e+00
   0.0000000000000000e+00
   0.0000000000000000e+00
   0.0000000000000000e+00
   0.0000000000000000e+00
   0.0000000000000000e+00
   0.0000000000000000e+00
   0.0000000000000000e+00
   0.0000000000000000e+00
   0.0000000000000000e+00
   0.0000000000000000e+00
   0.0000000000000000e+00
   0.0000000000000000e+00
   0.0000000000000000e+00
   0.0000000000000000e+00
   0.0000000000000000e+00
   0.0000000000000000e+00
   0.0000000000000000e+00
   0.0000000000000000e+00
   0.0000000000000000e+00
   0.0000000000000000e+00
   0.0000000000000000e+00
   0.0000000000000000e+00
   0.0000000000000000e+00
   0.0000000000000000e+00
   0.0000000000000000e+00
   0.0000000000000000e+00
   0.0000000000000000e+00
   0.0000000000000000e+00
   0.0000000000000000e+00
   0.0000000000000000e+00
   0.0000000000000000e+00
   0.0000000000000000e+00
   0.0000000000000000e+00
   0.0000000000000000e+00
   0.0000000000000000e+00
   0.0000000000000000e+00
   0.0000000000000000e+00
   0.0000000000000000e+00
   0.0000000000000000e+00
   0.0000000000000000e+00
   0.0000000000000000e+00
   0.0000000000000000e+00
   0.0000000000000000e+00
   0.0000000000000000e+00
   0.0000000000000000e+00
   0.0000000000000000e+00
   0.0000000000000000e+00
   0.0000000000000000e+00
   0.0000000000000000e+00
   0.0000000000000000e+00
   0.0000000000000000e+00
   0.0000000000000000e+00
   0.0000000000000000e+00
   0.0000000000000000e+00
   0.0000000000000000e+00
   0.0000000000000000e+00
   0.0000000000000000e+00
   0.0000000000000000e+00
   0.0000000000000000e+00
   0.0000000000000000e+00
   0.0000000000000000e+00
   0.0000000000000000e+00
   0.0000000000000000e+00
   0.0000000000000000e+00
   0.0000000000000000e+00
   0.0000000000000000e+00
   0.0000000000000000e+00
   0.0000000000000000e+00
   0.0000000000000000e+00
   0.0000000000000000e+00
   0.0000000000000000e+00
   0.0000000000000000e+00
   0.0000000000000000e+00
   0.0000000000000000e+00
   0.0000000000000000e+00
   0.0000000000000000e+00
   0.0000000000000000e+00
   0.0000000000000000e+00
   0.0000000000000000e+00
   0.0000000000000000e+00
   0.0000000000000000e+00
   0.0000000000000000e+00
   0.0000000000000000e+00
   0.0000000000000000e+00
   0.0000000000000000e+00
   0.0000000000000000e+00
   0.0000000000000000e+00
   0.0000000000000000e+00
   0.0000000000000000e+00
   0.0000000000000000e+00
   0.0000000000000000e+00
   0.0000000000000000e+00
   0.0000000000000000e+00
   0.0000000000000000e+00
   0.0000000000000000e+00
   0.0000000000000000e+00
   0.0000000000000000e+00
   0.0000000000000000e+00
   0.0000000000000000e+00
   0.0000000000000000e+00
   0.0000000000000000e+00
   0.0000000000000000e+00
   0.0000000000000000e+00
   0.0000000000000000e+00
   0.0000000000000000e+00
   0.0000000000000000e+00
   0.0000000000000000e+00
   0.0000000000000000e+00
   0.0000000000000000e+00
   0.0000000000000000e+00
   0.0000000000000000e+00
   0.0000000000000000e+00
   0.0000000000000000e+00
   0.0000000000000000e+00
   0.0000000000000000e+00
   0.0000000000000000e+00
   0.0000000000000000e+00
   0.0000000000000000e+00
   0.0000000000000000e+00
   0.0000000000000000e+00
   0.0000000000000000e+00
   0.0000000000000000e+00
   0.0000000000000000e+00
   0.0000000000000000e+00
   0.0000000000000000e+00
   0.0000000000000000e+00
   0.0000000000000000e+00
   0.0000000000000000e+00
   0.0000000000000000e+00
   0.0000000000000000e+00
   0.0000000000000000e+00
   0.0000000000000000e+00
   0.0000000000000000e+00
   0.0000000000000000e+00
   0.0000000000000000e+00
   0.0000000000000000e+00
   0.0000000000000000e+00
   0.0000000000000000e+00
   0.0000000000000000e+00
   0.0000000000000000e+00
   0.0000000000000000e+00
   0.0000000000000000e+00
   0.0000000000000000e+00
   0.0000000000000000e+00
   0.0000000000000000e+00
   0.0000000000000000e+00
   0.0000000000000000e+00
   0.0000000000000000e+00
   0.0000000000000000e+00
   0.0000000000000000e+00
   0.0000000000000000e+00
   0.0000000000000000e+00
   0.0000000000000000e+00
   0.0000000000000000e+00
   0.0000000000000000e+00
   0.0000000000000000e+00
   0.0000000000000000e+00
   0.0000000000000000e+00
   0.0000000000000000e+00
   0.0000000000000000e+00
   0.0000000000000000e+00
   0.0000000000000000e+00
   0.0000000000000000e+00
   0.0000000000000000e+00
   0.0000000000000000e+00
   0.0000000000000000e+00
   0.0000000000000000e+00
   0.0000000000000000e+00
   0.0000000000000000e+00
   0.0000000000000000e+00
   0.0000000000000000e+00
   0.0000000000000000e+00
   0.0000000000000000e+00
   0.0000000000000000e+00
   0.0000000000000000e+00
   0.0000000000000000e+00
   0.0000000000000000e+00
   0.0000000000000000e+00
   0.0000000000000000e+00
   0.0000000000000000e+00
   0.0000000000000000e+00
   0.0000000000000000e+00
   0.0000000000000000e+00
   0.0000000000000000e+00
   0.0000000000000000e+00
   0.0000000000000000e+00
   0.0000000000000000e+00
   0.0000000000000000e+00
   0.0000000000000000e+00
   0.0000000000000000e+00
   0.0000000000000000e+00
   0.0000000000000000e+00
   0.0000000000000000e+00
   0.0000000000000000e+00
   0.0000000000000000e+00
   0.0000000000000000e+00
   0.0000000000000000e+00
   0.0000000000000000e+00
   0.0000000000000000e+00
   0.0000000000000000e+00
   0.0000000000000000e+00
   0.0000000000000000e+00
   0.0000000000000000e+00
   0.0000000000000000e+00
   0.0000000000000000e+00
   0.0000000000000000e+00
   0.0000000000000000e+00
   0.0000000000000000e+00
   0.0000000000000000e+00
   0.0000000000000000e+00
   0.0000000000000000e+00
   0.0000000000000000e+00
   0.0000000000000000e+00
   0.0000000000000000e+00
   0.0000000000000000e+00
   0.0000000000000000e+00
   0.0000000000000000e+00
   0.0000000000000000e+00
   0.0000000000000000e+00
   0.0000000000000000e+00
   0.0000000000000000e+00
   0.0000000000000000e+00
   0.0000000000000000e+00
   0.0000000000000000e+00
   0.0000000000000000e+00
   0.0000000000000000e+00
   0.0000000000000000e+00
   0.0000000000000000e+00
   0.0000000000000000e+00
   0.0000000000000000e+00
   0.0000000000000000e+00
   0.0000000000000000e+00
   0.0000000000000000e+00
   0.0000000000000000e+00
   0.0000000000000000e+00
   0.0000000000000000e+00
   0.0000000000000000e+00
   0.0000000000000000e+00
   0.0000000000000000e+00
   0.0000000000000000e+00
   0.0000000000000000e+00
   0.0000000000000000e+00
   0.0000000000000000e+00
   0.0000000000000000e+00
   0.0000000000000000e+00
   0.0000000000000000e+00
   0.0000000000000000e+00
   0.0000000000000000e+00
   0.0000000000000000e+00
   0.0000000000000000e+00
   0.0000000000000000e+00
   0.0000000000000000e+00
   0.0000000000000000e+00
   0.0000000000000000e+00
   0.0000000000000000e+00
   0.0000000000000000e+00
   0.0000000000000000e+00
   0.0000000000000000e+00
   0.0000000000000000e+00
   0.0000000000000000e+00
   0.0000000000000000e+00
   0.0000000000000000e+00
   0.0000000000000000e+00
   0.0000000000000000e+00
   0.0000000000000000e+00
   0.0000000000000000e+00
   0.0000000000000000e+00
   0.0000000000000000e+00
   0.0000000000000000e+00
   0.0000000000000000e+00
   0.0000000000000000e+00
   0.0000000000000000e+00
   0.0000000000000000e+00
   0.0000000000000000e+00
   0.0000000000000000e+00
   0.0000000000000000e+00
   0.0000000000000000e+00
   0.0000000000000000e+00
   0.0000000000000000e+00
   0.0000000000000000e+00
   0.0000000000000000e+00
   0.0000000000000000e+00
   0.0000000000000000e+00
   0.0000000000000000e+00
   0.0000000000000000e+00
   0.0000000000000000e+00
   0.0000000000000000e+00
   0.0000000000000000e+00
   0.0000000000000000e+00
   0.0000000000000000e+00
   0.0000000000000000e+00
   0.0000000000000000e+00
   0.0000000000000000e+00
   0.0000000000000000e+00
   0.0000000000000000e+00
   0.0000000000000000e+00
   0.0000000000000000e+00
   0.0000000000000000e+00
   0.0000000000000000e+00
   0.0000000000000000e+00
   0.0000000000000000e+00
   0.0000000000000000e+00
   0.0000000000000000e+00
   0.0000000000000000e+00
   0.0000000000000000e+00
   0.0000000000000000e+00
   0.0000000000000000e+00
   0.0000000000000000e+00
   0.0000000000000000e+00
   0.0000000000000000e+00
   0.0000000000000000e+00
   0.0000000000000000e+00
   0.0000000000000000e+00
   0.0000000000000000e+00
   0.0000000000000000e+00
   0.0000000000000000e+00
   0.0000000000000000e+00
   0.0000000000000000e+00
   0.0000000000000000e+00
   0.0000000000000000e+00
   0.0000000000000000e+00
   0.0000000000000000e+00
   0.0000000000000000e+00
   0.0000000000000000e+00
   0.0000000000000000e+00
   0.0000000000000000e+00
   0.0000000000000000e+00
   0.0000000000000000e+00
   0.0000000000000000e+00
   0.0000000000000000e+00
   0.0000000000000000e+00
   0.0000000000000000e+00
   0.0000000000000000e+00
   0.0000000000000000e+00
   0.0000000000000000e+00
   0.0000000000000000e+00
   0.0000000000000000e+00
   0.0000000000000000e+00
   0.0000000000000000e+00
   0.0000000000000000e+00
   0.0000000000000000e+00
   0.0000000000000000e+00
   0.0000000000000000e+00
   0.0000000000000000e+00
   0.0000000000000000e+00
   0.0000000000000000e+00
   0.0000000000000000e+00
   0.0000000000000000e+00
   0.0000000000000000e+00
   0.0000000000000000e+00
   0.0000000000000000e+00
   0.0000000000000000e+00
   0.0000000000000000e+00
   0.0000000000000000e+00
   0.0000000000000000e+00
   0.0000000000000000e+00
   0.0000000000000000e+00
   0.0000000000000000e+00
   0.0000000000000000e+00
   0.0000000000000000e+00
   0.0000000000000000e+00
   0.0000000000000000e+00
   0.0000000000000000e+00
   0.0000000000000000e+00
   0.0000000000000000e+00
   0.0000000000000000e+00
   0.0000000000000000e+00
   0.0000000000000000e+00
   0.0000000000000000e+00
   0.0000000000000000e+00
   0.0000000000000000e+00
   0.0000000000000000e+00
   0.0000000000000000e+00
   0.0000000000000000e+00
   0.0000000000000000e+00
   0.0000000000000000e+00
   0.0000000000000000e+00
   0.0000000000000000e+00
   0.0000000000000000e+00
   0.0000000000000000e+00
   0.0000000000000000e+00
   0.0000000000000000e+00
   0.0000000000000000e+00
   0.0000000000000000e+00
   0.0000000000000000e+00
   0.0000000000000000e+00
   0.0000000000000000e+00
   0.0000000000000000e+00
   0.0000000000000000e+00
   0.0000000000000000e+00
   0.0000000000000000e+00
   0.0000000000000000e+00
   0.0000000000000000e+00
   0.0000000000000000e+00
   0.0000000000000000e+00
   0.0000000000000000e+00
   0.0000000000000000e+00
   0.0000000000000000e+00
   0.0000000000000000e+00
   0.0000000000000000e+00
   0.0000000000000000e+00
   0.0000000000000000e+00
   0.0000000000000000e+00
   0.0000000000000000e+00
   0.0000000000000000e+00
   0.0000000000000000e+00
   0.0000000000000000e+00
   0.0000000000000000e+00
   0.0000000000000000e+00
   0.0000000000000000e+00
   0.0000000000000000e+00
   0.0000000000000000e+00
   0.0000000000000000e+00
   0.0000000000000000e+00
   0.0000000000000000e+00
   0.0000000000000000e+00
   0.0000000000000000e+00
   0.0000000000000000e+00
   0.0000000000000000e+00
   0.0000000000000000e+00
   0.0000000000000000e+00
   0.0000000000000000e+00
   0.0000000000000000e+00
   0.0000000000000000e+00
   0.0000000000000000e+00
   0.0000000000000000e+00
   0.0000000000000000e+00
   0.0000000000000000e+00
   0.0000000000000000e+00
   0.0000000000000000e+00
   0.0000000000000000e+00
   0.0000000000000000e+00
   0.0000000000000000e+00
   0.0000000000000000e+00
   0.0000000000000000e+00
   0.0000000000000000e+00
   0.0000000000000000e+00
   0.0000000000000000e+00
   0.0000000000000000e+00
   0.0000000000000000e+00
   0.0000000000000000e+00
   0.0000000000000000e+00
   0.0000000000000000e+00
   0.0000000000000000e+00
   0.0000000000000000e+00
   0.0000000000000000e+00
   0.0000000000000000e+00
   0.0000000000000000e+00
   0.0000000000000000e+00
   0.0000000000000000e+00
   0.0000000000000000e+00
   0.0000000000000000e+00
   0.0000000000000000e+00
   0.0000000000000000e+00
   0.0000000000000000e+00
   0.0000000000000000e+00
   0.0000000000000000e+00
   0.0000000000000000e+00
   0.0000000000000000e+00
   0.0000000000000000e+00
   0.0000000000000000e+00
   0.0000000000000000e+00
   0.0000000000000000e+00
   0.0000000000000000e+00
   0.0000000000000000e+00
   0.0000000000000000e+00
   0.0000000000000000e+00
   0.0000000000000000e+00
   0.0000000000000000e+00
   0.0000000000000000e+00
   0.0000000000000000e+00
   0.0000000000000000e+00
   0.0000000000000000e+00
   0.0000000000000000e+00
   0.0000000000000000e+00
   0.0000000000000000e+00
   0.0000000000000000e+00
   0.0000000000000000e+00
   0.0000000000000000e+00
   0.0000000000000000e+00
   0.0000000000000000e+00
   0.0000000000000000e+00
   0.0000000000000000e+00
   0.0000000000000000e+00
   0.0000000000000000e+00
   0.0000000000000000e+00
   0.0000000000000000e+00
   0.0000000000000000e+00
   0.0000000000000000e+00
   0.0000000000000000e+00
   0.0000000000000000e+00
   0.0000000000000000e+00
   0.0000000000000000e+00
   0.0000000000000000e+00
   0.0000000000000000e+00
   0.0000000000000000e+00
   0.0000000000000000e+00
   0.0000000000000000e+00
   0.0000000000000000e+00
   0.0000000000000000e+00
   0.0000000000000000e+00
   0.0000000000000000e+00
   0.0000000000000000e+00
   0.0000000000000000e+00
   0.0000000000000000e+00
   0.0000000000000000e+00
   0.0000000000000000e+00
   0.0000000000000000e+00
   0.0000000000000000e+00
   0.0000000000000000e+00
   0.0000000000000000e+00
   0.0000000000000000e+00
   0.0000000000000000e+00
   0.0000000000000000e+00
   0.0000000000000000e+00
   0.0000000000000000e+00
   0.0000000000000000e+00
