ARMA_MAT_TXT_FN008
1000 1
  -2.3520325453412189e-01
  -2.3319734641706419e-01
  -2.2236770273140805e-01
  -2.2224519422161648e-01
  -2.2338312907732721e-01
  -2.2112940112673160e-01
  -2.1598829613657336e-01
  -2.1386157684055584e-01
  -2.1359719567789856e-01
  -2.1158776870961957e-01
  -2.1969921945225152e-01
  -2.1440491897012512e-01
  -2.0598497905577265e-01
  -2.1749306443435312e-01
  -2.2022553969691375e-01
  -2.1974985811756159e-01
  -2.1080247677617212e-01
  -2.0913034982412920e-01
  -2.0742358979753209e-01
  -2.1585785502951893e-01
  -2.1460170179343377e-01
  -2.1492717160606017e-01
  -2.1267386574647384e-01
  -2.1311961946098013e-01
  -2.2146198279366244e-01
  -2.2628802688442123e-01
  -2.1086967079811439e-01
  -2.1770589119577891e-01
  -2.2104780459188550e-01
  -2.1868515648852677e-01
  -2.2533360729881596e-01
  -2.1568538836288823e-01
  -2.1943922388184114e-01
  -2.2558567044394803e-01
  -2.2866616400669468e-01
  -2.2857272586751887e-01
  -2.3026563147176976e-01
  -2.3486342389746165e-01
  -2.3991848589034293e-01
  -2.3635375753075419e-01
  -2.4056703631991869e-01
  -2.4127772967682973e-01
  -2.3490030081912877e-01
  -2.3937137378809925e-01
  -2.3408402319641927e-01
  -2.3547844675894725e-01
  -2.4550768272505311e-01
  -2.4238685661190007e-01
  -2.4500871332548899e-01
  -2.4313690255425080e-01
  -2.4758802968329915e-01
  -2.4311582322849246e-01
  -2.5640458621481554e-01
  -2.4142566036416852e-01
  -2.5822261992443885e-01
  -2.6042482222574120e-01
  -2.5925625977713074e-01
  -2.5238046856992047e-01
  -2.5962091115836955e-01
  -2.5605052200553213e-01
  -2.6173711721081006e-01
  -2.6254113659225586e-01
  -2.7054940336912808e-01
  -2.6204647873157294e-01
  -2.7105573021038387e-01
  -2.7647753852084722e-01
  -2.6912258764520564e-01
  -2.6355350943654710e-01
  -2.7029758211973137e-01
  -2.7072244570241244e-01
  -2.8547253325180288e-01
  -2.7752113721068261e-01
  -2.7327371322365518e-01
  -2.8401866110037788e-01
  -2.8568483599279038e-01
  -2.8355216008820328e-01
  -2.8479074241601254e-01
  -2.9330394368540519e-01
  -3.0092511892620488e-01
  -2.9038204817922697e-01
  -3.0126169593677421e-01
  -2.9056019324254773e-01
  -2.9435006721350837e-01
  -2.9166887500805988e-01
  -2.9689958330960137e-01
  -2.9839485098885088e-01
  -3.0295205346612969e-01
  -3.0357286158053171e-01
  -3.0103226624903084e-01
  -2.9762519578483809e-01
  -3.1093160597236780e-01
  -3.0523784848544167e-01
  -3.0852462798661984e-01
  -3.0990925136002612e-01
  -3.1190119302164693e-01
  -3.1017818700210370e-01
  -3.2560648119119712e-01
  -3.1325775157192065e-01
  -3.1392089441837850e-01
  -3.1724500808236655e-01
  -3.2130342221638586e-01
  -3.2283951463701727e-01
  -3.2078625032501390e-01
  -3.1986266497710869e-01
  -3.2368799743544163e-01
  -3.2258556183545378e-01
  -3.2905386311520385e-01
  -3.2371829140111652e-01
  -3.3558523435755561e-01
  -3.3413162357151605e-01
  -3.2839691846776153e-01
  -3.3711548301672634e-01
  -3.4007516445648261e-01
  -3.3510004529084148e-01
  -3.3489067770406672e-01
  -3.3888083147374598e-01
  -3.4547557776480908e-01
  -3.3870767117210276e-01
  -3.4667738610050375e-01
  -3.4757365353956593e-01
  -3.4751372618519233e-01
  -3.5690328379005848e-01
  -3.5223147772146612e-01
  -3.4788352170757381e-01
  -3.4931134623470400e-01
  -3.5285051886828456e-01
  -3.5769894081256215e-01
  -3.6606884165639247e-01
  -3.5928174340805707e-01
  -3.5178120633999865e-01
  -3.6298517792389318e-01
  -3.6619356517083007e-01
  -3.6502158902024934e-01
  -3.6058925353177657e-01
  -3.5915096421229614e-01
  -3.6043847646475385e-01
  -3.6687705873394272e-01
  -3.6553877213539249e-01
  -3.6480405700646990e-01
  -3.7006298855219455e-01
  -3.7511221732264366e-01
  -3.7443462227932489e-01
  -3.7292678491789877e-01
  -3.7356253822064700e-01
  -3.7657139507189613e-01
  -3.7104260245560911e-01
  -3.6998646603546459e-01
  -3.8427461609430652e-01
  -3.8557642369167722e-01
  -3.8036741507820820e-01
  -3.8251811766082960e-01
  -3.7576994897039823e-01
  -3.8881282289991886e-01
  -3.8712856637615700e-01
  -3.8700062553693909e-01
  -3.8141916961898881e-01
  -3.9568139976476935e-01
  -3.9313574192109113e-01
  -3.8820491005359314e-01
  -3.9219967279922419e-01
  -3.9110988812254494e-01
  -3.9140043204192432e-01
  -4.0118377141674288e-01
  -3.9451938284206794e-01
  -3.9802021662124615e-01
  -3.9906660241874831e-01
  -4.0389831141415100e-01
  -4.0000585769412167e-01
  -3.9528411318528872e-01
  -3.9370965621651233e-01
  -4.0283705813170106e-01
  -4.0321890964501811e-01
  -4.0824494477472228e-01
  -4.0834680038234400e-01
  -4.0665377848049700e-01
  -4.0799810497440636e-01
  -4.0868798585426019e-01
  -4.0876561604747746e-01
  -4.1441360149606687e-01
  -4.1236515607854807e-01
  -4.1872948793083187e-01
  -4.0997680763445943e-01
  -4.1399362531327205e-01
  -4.1070956340646025e-01
  -4.1951155965838727e-01
  -4.1175812840398329e-01
  -4.1857256653648744e-01
  -4.2088484706654417e-01
  -4.1451792507131474e-01
  -4.2036474995468132e-01
  -4.1860189009411269e-01
  -4.2509297567126070e-01
  -4.1452631827480074e-01
  -4.2182917780851692e-01
  -4.2728709611984406e-01
  -4.2536010188593693e-01
  -4.2920084808571562e-01
  -4.2120713772266899e-01
  -4.2505718053101199e-01
  -4.3237258198913214e-01
  -4.2888227566230641e-01
  -4.2826459857183252e-01
  -4.4016519161570378e-01
  -4.3328862642723481e-01
  -4.2572316157662798e-01
  -4.3683902271781799e-01
  -4.3592520369841059e-01
  -4.3172168775285952e-01
  -4.3591724621015565e-01
  -4.3560689563169480e-01
  -4.3296898468349593e-01
  -4.3646030869965641e-01
  -4.3872206410253828e-01
  -4.3407890407885968e-01
  -4.4562843564369431e-01
  -4.4342709602433672e-01
  -4.3890005630390416e-01
  -4.3446600547426062e-01
  -4.4207541152640034e-01
  -4.4698970505101016e-01
  -4.3915233823233146e-01
  -4.4723820138179032e-01
  -4.4800169956854963e-01
  -4.4388747959259955e-01
  -4.5247930681789339e-01
  -4.5168004528759209e-01
  -4.4822432754146974e-01
  -4.4940714785195324e-01
  -4.4903781660281494e-01
  -4.5585008877364497e-01
  -4.5557234672551250e-01
  -4.5846253094491302e-01
  -4.4927440214578584e-01
  -4.5470888234757767e-01
  -4.5591395880889124e-01
  -4.5189026911104774e-01
  -4.5541055749286613e-01
  -4.5647389380740833e-01
  -4.5577852319582479e-01
  -4.5778066464921885e-01
  -4.6150815670448964e-01
  -4.6766697756616049e-01
  -4.6125942134733722e-01
  -4.6631443361118829e-01
  -4.6557324812232875e-01
  -4.6319282850207111e-01
  -4.6545954217796254e-01
  -4.6156433471424296e-01
  -4.6286577888189140e-01
  -4.6796284776255770e-01
  -4.6029588152202039e-01
  -4.6761912085906698e-01
  -4.7226698507277970e-01
  -4.6963075349512684e-01
  -4.7543846530873562e-01
  -4.7617122221478431e-01
  -4.7133723737802574e-01
  -4.6831699014896211e-01
  -4.6990774463993901e-01
  -4.7194421148801230e-01
  -4.6950452299055367e-01
  -4.7046570064045534e-01
  -4.7408347934502199e-01
  -4.7072880971781267e-01
  -4.7593279373836711e-01
  -4.7354958858839774e-01
  -4.8386523219235078e-01
  -4.8576720162316533e-01
  -4.7708566523751006e-01
  -4.7190004194592350e-01
  -4.8579873678787100e-01
  -4.8197880814943544e-01
  -4.7998139537164936e-01
  -4.7990267801207881e-01
  -4.8191449822244048e-01
  -4.8414033629242215e-01
  -4.7851576642623406e-01
  -4.9147241753651377e-01
  -4.8305901096536780e-01
  -4.8749754697439512e-01
  -4.7764620813259162e-01
  -4.9425394593140098e-01
  -4.8468473197379963e-01
  -4.8410499936710022e-01
  -4.8608538516163918e-01
  -4.9442437341438078e-01
  -4.8507320626893413e-01
  -4.8781869326227517e-01
  -4.9098452359591749e-01
  -4.8764109870157851e-01
  -4.9444138551586231e-01
  -4.8507719727432702e-01
  -4.9346941944106903e-01
  -4.8567871827446263e-01
  -4.9448052020004152e-01
  -4.8844481141018270e-01
  -4.9512190733796724e-01
  -4.9251479781513691e-01
  -4.9063492805505832e-01
  -4.9386394770439673e-01
  -4.9219108192934352e-01
  -4.8464240577138523e-01
  -4.9552652964779192e-01
  -4.9388776245778382e-01
  -4.9239749964371277e-01
  -4.9971363430059135e-01
  -4.9921084091166967e-01
  -4.9660123897935365e-01
  -5.0371664751065059e-01
  -5.0161476766798374e-01
  -5.0039359851274900e-01
  -5.0239513917559409e-01
  -5.0425024627593740e-01
  -5.0244846857856651e-01
  -5.0780644640160577e-01
  -4.9909569659770098e-01
  -5.0147765724897586e-01
  -5.0826174173255390e-01
  -4.9719147873139818e-01
  -5.0605458720442731e-01
  -5.0412266380426818e-01
  -5.0704869582574152e-01
  -5.0382154309198868e-01
  -5.0872896658765954e-01
  -5.0939241865670570e-01
  -5.0562911938122634e-01
  -5.0727753924844188e-01
  -5.0498434964294192e-01
  -5.0762334296288403e-01
  -4.9664316864146357e-01
  -5.1577417823217475e-01
  -5.0757972623904057e-01
  -5.0645042306087762e-01
  -5.1238368033328574e-01
  -5.1505886260099454e-01
  -5.0199420916250381e-01
  -5.1164797342332691e-01
  -5.0408544316305748e-01
  -5.1071880397212421e-01
  -5.0989415379410807e-01
  -5.1705558835368215e-01
  -5.1427968713541272e-01
  -5.0380640175958291e-01
  -5.2172011842553234e-01
  -5.1441822702281703e-01
  -5.1366002143373168e-01
  -5.1474092433274610e-01
  -5.1324390059443581e-01
  -5.1596100506746412e-01
  -5.2249800348133968e-01
  -5.2237283853002237e-01
  -5.2427988423936189e-01
  -5.1818451109909713e-01
  -5.1314532207402053e-01
  -5.2252330392724056e-01
  -5.2272757245845791e-01
  -5.1185850605080851e-01
  -5.2399205963785922e-01
  -5.2320972616931782e-01
  -5.2541886916975800e-01
  -5.1654466161215806e-01
  -5.2911977641288588e-01
  -5.1248685075979294e-01
  -5.2056750584496769e-01
  -5.2729886631199285e-01
  -5.1856855706852734e-01
  -5.2130971390825931e-01
  -5.2264583711523516e-01
  -5.2074141434130872e-01
  -5.2233687896330872e-01
  -5.3022361241290705e-01
  -5.2099746182184292e-01
  -5.2057018640195818e-01
  -5.2810275853695321e-01
  -5.3336430204152907e-01
  -5.2973751993028650e-01
  -5.2504206275479071e-01
  -5.3235850479109292e-01
  -5.2519251932478794e-01
  -5.2680889083547755e-01
  -5.3307768074132067e-01
  -5.2458380005986482e-01
  -5.3353266090206442e-01
  -5.3105365571957486e-01
  -5.3643691706214436e-01
  -5.3510666312476640e-01
  -5.2894358193117208e-01
  -5.3288693613884108e-01
  -5.2464099081037296e-01
  -5.2557923389761929e-01
  -5.3320075805245981e-01
  -5.3313853105593856e-01
  -5.3374672613666541e-01
  -5.2545407846749548e-01
  -5.3931128558734165e-01
  -5.2635255953981186e-01
  -5.3579235070380882e-01
  -5.3666324747449834e-01
  -5.3616414363900611e-01
  -5.3748327642705673e-01
  -5.3683927170624413e-01
  -5.3730427910323975e-01
  -5.2989448216847845e-01
  -5.2921525356097887e-01
  -5.3595595963095144e-01
  -5.3338448863364984e-01
  -5.3327493550238692e-01
  -5.3777628270696642e-01
  -5.3695187617058848e-01
  -5.3942826970935120e-01
  -5.4192822779473826e-01
  -5.3893788365064177e-01
  -5.3555389777998530e-01
  -5.3538421252932733e-01
  -5.3516144524580833e-01
  -5.3898293225760252e-01
  -5.3606302222930191e-01
  -5.4184385810821545e-01
  -5.4047124331725904e-01
  -5.4539748681455535e-01
  -5.4180693474499653e-01
  -5.3483339724332590e-01
  -5.4767708707953566e-01
  -5.4519738553976982e-01
  -5.4312632238850578e-01
  -5.4683731217428355e-01
  -5.4267442561079615e-01
  -5.4259048136915822e-01
  -5.4369940040894305e-01
  -5.4895553673757536e-01
  -5.3989374897933462e-01
  -5.4049620274008980e-01
  -5.4196543211174497e-01
  -5.5499379458573683e-01
  -5.3984693837220088e-01
  -5.4947661559502614e-01
  -5.4439287751265697e-01
  -5.5517290159404464e-01
  -5.4563669430076167e-01
  -5.4445169624472500e-01
  -5.4615091587490328e-01
  -5.4534788442785875e-01
  -5.4665941603363000e-01
  -5.5206959752569085e-01
  -5.5171976234139586e-01
  -5.4681340490516728e-01
  -5.3635717249024051e-01
  -5.4177390293605954e-01
  -5.4988825631530192e-01
  -5.4492800928281271e-01
  -5.4375864797193740e-01
  -5.5489874358976843e-01
  -5.4779946174514982e-01
  -5.5329133287144394e-01
  -5.4180988229926119e-01
  -5.4849981285901572e-01
  -5.5346027606991210e-01
  -5.5258666834094372e-01
  -5.4822215940367802e-01
  -5.5370701003371947e-01
  -5.4732603685830605e-01
  -5.5288782625935495e-01
  -5.5205321192879253e-01
  -5.4860709441358035e-01
  -5.4641991976381765e-01
  -5.5016707582145108e-01
  -5.5035562731028431e-01
  -5.6092984025351078e-01
  -5.5120940417515041e-01
  -5.5767013059184323e-01
  -5.4963757763924015e-01
  -5.5306561395026466e-01
  -5.5226710742248419e-01
  -5.5166096208786120e-01
  -5.5135004442882751e-01
  -5.4793089015614083e-01
  -5.5486698934141121e-01
  -5.5515833042989216e-01
  -5.5854644788186769e-01
  -5.4914810340409015e-01
  -5.5508481000247900e-01
  -5.6004418796739086e-01
  -5.6484757066217928e-01
  -5.5588471596636868e-01
  -5.5987896584068386e-01
  -5.5585772727188765e-01
  -5.5204256908910310e-01
  -5.5872832653040883e-01
  -5.6248382700187127e-01
  -5.5636184400262367e-01
  -5.5910697471736648e-01
  -5.5447271779682905e-01
  -5.5775552305565779e-01
  -5.5558251786954083e-01
  -5.6287664601938303e-01
  -5.5962608132827352e-01
  -5.5564254794556023e-01
  -5.5741491700445878e-01
  -5.6106012723559384e-01
  -5.6600278562565487e-01
  -5.5379353258524477e-01
  -5.5998061438590807e-01
  -5.5631827364824682e-01
  -5.6057744478424432e-01
  -5.5433403100070244e-01
  -5.5892366627642665e-01
  -5.6491891938521799e-01
  -5.5525169826544862e-01
  -5.6013052521937112e-01
  -5.6080040051141555e-01
  -5.6075809332605309e-01
  -5.6138685531820243e-01
  -5.6449952427975791e-01
  -5.5790909430445046e-01
  -5.6437043877229554e-01
  -5.6118553391854853e-01
  -5.5932582612485016e-01
  -5.5967935328426199e-01
  -5.6289259818686110e-01
  -5.5795060334867830e-01
  -5.6086503607436022e-01
  -5.6431228238891251e-01
  -5.6639899506263014e-01
  -5.6188711120232371e-01
  -5.6795990487088455e-01
  -5.5975247307079079e-01
  -5.6393226160492282e-01
  -5.6819959117074581e-01
  -5.6113489304479303e-01
  -5.5893538139352428e-01
  -5.6336799255596981e-01
  -5.7497647753730929e-01
  -5.6593562239057038e-01
  -5.6075625500135029e-01
  -5.6027661257500827e-01
  -5.7140188900705269e-01
  -5.6234325114919037e-01
  -5.6540811912433886e-01
  -5.6895419260529956e-01
  -5.6715573255542928e-01
  -5.7046092648135382e-01
  -5.7097672818606160e-01
  -5.7076550994077646e-01
  -5.6630947234376161e-01
  -5.6997619224243523e-01
  -5.7150649813485077e-01
  -5.6322080508313221e-01
  -5.7256348133940183e-01
  -5.5863534536160098e-01
  -5.7662837482640394e-01
  -5.7090460185024050e-01
  -5.7259872502031361e-01
  -5.6974092323909609e-01
  -5.7175483168578012e-01
  -5.7022493014185716e-01
  -5.7750453031750526e-01
  -5.7019906096218187e-01
  -5.7127158807912159e-01
  -5.6835750467994062e-01
  -5.6607398786408158e-01
  -5.7128293055053692e-01
  -5.6627628176371569e-01
  -5.7552046591430372e-01
  -5.6997197482731443e-01
  -5.6982054086339329e-01
  -5.6956469541637744e-01
  -5.6852896547876608e-01
  -5.6606951363155078e-01
  -5.6544992033908592e-01
  -5.7158131388225086e-01
  -5.6305276442873242e-01
  -5.7479481341442695e-01
  -5.7149476433821478e-01
  -5.7290706362091448e-01
  -5.8066322108157487e-01
  -5.6867749118097843e-01
  -5.6703681959639529e-01
  -5.6427470440612293e-01
  -5.7352426413521229e-01
  -5.7474213857123102e-01
  -5.7816608854590545e-01
  -5.7086595625639980e-01
  -5.8295261697717593e-01
  -5.7112873623801474e-01
  -5.7292931647290091e-01
  -5.7608755726020100e-01
  -5.7390499079837531e-01
  -5.7845073646951484e-01
  -5.7401562151746532e-01
  -5.6747557618818378e-01
  -5.7705794489164586e-01
  -5.7345598872663872e-01
  -5.6981479740851237e-01
  -5.8886159846974018e-01
  -5.7925525109141662e-01
  -5.7965228040822392e-01
  -5.7480557771369523e-01
  -5.7619813192549252e-01
  -5.8072561895063057e-01
  -5.7696543820217594e-01
  -5.8138551039515052e-01
  -5.7090827687810330e-01
  -5.7550392843447851e-01
  -5.7499954360836214e-01
  -5.7790652508319085e-01
  -5.8032221507741677e-01
  -5.6638715162545827e-01
  -5.7293034841223267e-01
  -5.7299056464626630e-01
  -5.8367362408113332e-01
  -5.8103920396975228e-01
  -5.8322396465070159e-01
  -5.7496786364147123e-01
  -5.8366164095669681e-01
  -5.7095808900773881e-01
  -5.7876677432305423e-01
  -5.7994004925186260e-01
  -5.7690605067061462e-01
  -5.7807363731484485e-01
  -5.7136665636031048e-01
  -5.7979304601084602e-01
  -5.8188140767005336e-01
  -5.6971581636947144e-01
  -5.7367656196066041e-01
  -5.7706147418700471e-01
  -5.8246584667002155e-01
  -5.7333930332132255e-01
  -5.7495638686006856e-01
  -5.7472169363615233e-01
  -5.7969704324392568e-01
  -5.8212553005495704e-01
  -5.8581928772168590e-01
  -5.7752711328363238e-01
  -5.7676333386882517e-01
  -5.8295355497453816e-01
  -5.7992626123904667e-01
  -5.7729224065034146e-01
  -5.8467785880551926e-01
  -5.6967089927230607e-01
  -5.8346378263345522e-01
  -5.8122142128154031e-01
  -5.7561640688030324e-01
  -5.8106525294646838e-01
  -5.8079642215435712e-01
  -5.8059325615386193e-01
  -5.8484776360796054e-01
  -5.8483269446305253e-01
  -5.8126135097928666e-01
  -5.7994378504710054e-01
  -5.8661745594755532e-01
  -5.7546793636996929e-01
  -5.7882388658071082e-01
  -5.8231010498435576e-01
  -5.8451968725828196e-01
  -5.8238471956733806e-01
  -5.7536810438509023e-01
  -5.8480317879329846e-01
  -5.8164892356428799e-01
  -5.8111662543280818e-01
  -5.8566425153235591e-01
  -5.8036654409694288e-01
  -5.7948587652137395e-01
  -5.8151124660296660e-01
  -5.8049660138157078e-01
  -5.7596416885029167e-01
  -5.8771303909885964e-01
  -5.8532696604873435e-01
  -5.9078236289746844e-01
  -5.8213817840277893e-01
  -5.8321115927732248e-01
  -5.8227817933197612e-01
  -5.8552776378629179e-01
  -5.8661359238031563e-01
  -5.8703937561829878e-01
  -5.8273517206894143e-01
  -5.9031941565109769e-01
  -5.8624042722130720e-01
  -5.8308793431605632e-01
  -5.8429034392281354e-01
  -5.8673083577628327e-01
  -5.8672500932941996e-01
  -5.7851285656128582e-01
  -5.7950575586140607e-01
  -5.7409546040009718e-01
  -5.8105023705502379e-01
  -5.8164956214119878e-01
  -5.7697713410117601e-01
  -5.8457523037740644e-01
  -5.9166907091087984e-01
  -5.9601980527329101e-01
  -5.8183202518421950e-01
  -5.7760416763375777e-01
  -5.8627731742482558e-01
  -5.8707334728508564e-01
  -5.8554386111567169e-01
  -5.9534615055286610e-01
  -5.8995818372307662e-01
  -5.8676825586958770e-01
  -5.8323092835584833e-01
  -5.8247622754432982e-01
  -5.8961178966609040e-01
  -5.9143555532684700e-01
  -5.8645522538353434e-01
  -5.7305716408281082e-01
  -5.7971632071684609e-01
  -5.8239199905962091e-01
  -5.8598878599033855e-01
  -5.8733911374274994e-01
  -5.8153360089444206e-01
  -5.8568576550111462e-01
  -5.8732348664705236e-01
  -5.8709019727729161e-01
  -5.7936559363428664e-01
  -5.8788922760469053e-01
  -5.9212527211661448e-01
  -5.8875027299132499e-01
  -5.8300053717662004e-01
  -5.8380270684075830e-01
  -5.8341579375798014e-01
  -5.8829262332957510e-01
  -5.7876452103793652e-01
  -5.8841596396637252e-01
  -5.8471022545567652e-01
  -5.8334807219551421e-01
  -5.9437460387775587e-01
  -5.8581971742075134e-01
  -5.9440134656158672e-01
  -5.9686407886276882e-01
  -5.9001759641112161e-01
  -5.8407262550395633e-01
  -5.9083376784823338e-01
  -5.8650313855320568e-01
  -5.9115622411910895e-01
  -5.8987634994993987e-01
  -5.8717412812834269e-01
  -5.9008317826691370e-01
  -5.9000833774342809e-01
  -5.8784467612201319e-01
  -5.9669193195063575e-01
  -5.9244770511714018e-01
  -5.8662586564094621e-01
  -5.9440549317953395e-01
  -5.9175055129988374e-01
  -5.8762475087546295e-01
  -5.9404719655110760e-01
  -5.8464044475899857e-01
  -5.8998486767231728e-01
  -5.9101007232826874e-01
  -5.9127366530113856e-01
  -5.8441567978379905e-01
  -5.9151166659405219e-01
  -5.9879999004914664e-01
  -5.9153351971124157e-01
  -5.9766211204423003e-01
  -5.9174463516878928e-01
  -5.8756173492462260e-01
  -5.8920384706170092e-01
  -5.9162502634950587e-01
  -5.8873306080511256e-01
  -5.9584401238700591e-01
  -5.8836229502864712e-01
  -5.9188836449489590e-01
  -5.9397114511207827e-01
  -5.9742640956485760e-01
  -5.9309679169626706e-01
  -5.9012445377332101e-01
  -5.9136901768513506e-01
  -6.0063819669163498e-01
  -5.9567789762630086e-01
  -5.9080346772278391e-01
  -5.8927390191371076e-01
  -5.9149762782436988e-01
  -5.9586503920745526e-01
  -5.9035205671603674e-01
  -5.9308528206733768e-01
  -5.9347862205553181e-01
  -5.9306861184886406e-01
  -5.8538729320308081e-01
  -5.8688662212547094e-01
  -5.8686852454236271e-01
  -5.9714275142079454e-01
  -5.9199025737363631e-01
  -5.9484865123330677e-01
  -5.8660881422288880e-01
  -5.9161159742594271e-01
  -5.9765968983745266e-01
  -5.9246076852626506e-01
  -5.9619537397564426e-01
  -5.9564725142555575e-01
  -5.9613689487440336e-01
  -5.9375944883263476e-01
  -5.9373051287903311e-01
  -5.9274840344454249e-01
  -5.9008834211896655e-01
  -5.9379978900204866e-01
  -5.8929731471142688e-01
  -5.8990168604994120e-01
  -5.9078342276747697e-01
  -5.9519296223361262e-01
  -5.8816368224947468e-01
  -5.9325404726356024e-01
  -5.9293444049792854e-01
  -5.9516951762876180e-01
  -5.9784043451292546e-01
  -5.9391198522731825e-01
  -5.9527987724148101e-01
  -5.9507738202319627e-01
  -5.9485410056085708e-01
  -5.9291778530875439e-01
  -5.9555994122496958e-01
  -5.9784851819734186e-01
  -5.9759698319351495e-01
  -5.9814645552498591e-01
  -5.9853222105892145e-01
  -5.9324224400251513e-01
  -5.9533138255009976e-01
  -5.8756501673054640e-01
  -5.9131295886575597e-01
  -6.0375106666776224e-01
  -5.9638386695448575e-01
  -5.9299429954314664e-01
  -5.9414677902624558e-01
  -6.0240945383130451e-01
  -5.9436691810025810e-01
  -5.8932830618913257e-01
  -5.9343951406710493e-01
  -5.9564939039091069e-01
  -5.8917258777036652e-01
  -5.8567474798892727e-01
  -5.9776528520741778e-01
  -5.9647155937661034e-01
  -5.9850547506548746e-01
  -5.9721196718426128e-01
  -5.9934555976604420e-01
  -5.9332392110764842e-01
  -5.9653956456730339e-01
  -6.0034277055826357e-01
  -5.9845204973007282e-01
  -5.9988609458699804e-01
  -5.9742807992921521e-01
  -5.9189045956871345e-01
  -6.0021195442778463e-01
  -5.9457444444004948e-01
  -5.9728973189349110e-01
  -5.9614232445210336e-01
  -5.9846173651265522e-01
  -5.9709591778080151e-01
  -5.9452917729519528e-01
  -5.9449260642699586e-01
  -6.0293978382503666e-01
  -5.9301250265564809e-01
  -5.9916523936612243e-01
  -5.9370131722071451e-01
  -6.0188272920314756e-01
  -6.0210783920597133e-01
  -5.9538700806625977e-01
  -6.0021101383569953e-01
  -5.9723458829171594e-01
  -6.0265899193652295e-01
  -5.9389518236789174e-01
  -5.9687085038618914e-01
  -5.9737663890854009e-01
  -6.0100144137436451e-01
  -5.9581225602726484e-01
  -5.9238335649316742e-01
  -5.9661964712581794e-01
  -5.9576984992748261e-01
  -6.0243167818879151e-01
  -5.9218340561941463e-01
  -5.9872525122321485e-01
  -5.9532348213879960e-01
  -6.0045877053949215e-01
  -6.0640469156908983e-01
  -5.9476151116860998e-01
  -5.9967588955916995e-01
  -6.0018140744575055e-01
  -5.9881346716789197e-01
  -5.9809016702565310e-01
  -6.0350070157795377e-01
  -5.9052936916203591e-01
  -6.0477806202948914e-01
  -5.9746601545117717e-01
  -5.8995416765119013e-01
  -5.9949789125503572e-01
  -6.0436929326849143e-01
  -5.9623887702420708e-01
  -6.0019844557130286e-01
  -5.9881831433317279e-01
  -6.0435379999197680e-01
  -5.9927503036004715e-01
  -5.9860017355647288e-01
  -5.9314264828080521e-01
  -6.0723532133299363e-01
  -5.9830275853655068e-01
  -6.0034954075138958e-01
  -5.9821143655162390e-01
  -6.0502689991427905e-01
  -6.1152571511500942e-01
  -5.9910738851560175e-01
  -5.9244594087807889e-01
  -6.0301701328756807e-01
  -5.9307762214470716e-01
  -6.0224315364647685e-01
  -5.9574104223486157e-01
  -6.0151475279014244e-01
  -5.9782767545116688e-01
  -6.0052419721979422e-01
  -5.9620675507944099e-01
  -6.0139667039168676e-01
  -6.0064740489078428e-01
  -6.0115506034424293e-01
  -6.0076200761235188e-01
  -5.9841615440431073e-01
  -6.0350399941116595e-01
  -6.0156395313965472e-01
  -5.9479428815603264e-01
  -5.9619783865551346e-01
  -6.0131452038536748e-01
  -6.0588707990342161e-01
  -5.9704970585354156e-01
  -5.9835553222929561e-01
  -5.9338367990114260e-01
  -5.9802544544808378e-01
  -5.9811735738796112e-01
  -5.9866080579440917e-01
  -6.0329494956216501e-01
  -6.0099837753681795e-01
  -5.9754622841253491e-01
  -5.9469424091315226e-01
  -6.0732156519565672e-01
  -5.9672853553724292e-01
  -5.9848169843999166e-01
  -5.9581003260241383e-01
  -6.0674511533175823e-01
  -6.0260493719703834e-01
  -6.0393793686642239e-01
  -6.0182954090119423e-01
  -6.0107437304971167e-01
  -5.9541826732755343e-01
  -5.9519121085003579e-01
  -5.9752017063902874e-01
  -6.0051928968301993e-01
  -6.0384752606475811e-01
  -5.9535044514884872e-01
  -5.9908649132743297e-01
  -6.0010564148391932e-01
  -6.0412179547283440e-01
  -6.0150644688426702e-01
  -6.0447758984703326e-01
  -6.0710540304006611e-01
  -6.0356974009255415e-01
  -5.9428391189119623e-01
  -5.9529895592324300e-01
  -5.9810376122525521e-01
  -5.9231337697705533e-01
  -6.0542698238363846e-01
  -6.0337827087321316e-01
  -6.0354380307762145e-01
  -5.9492388470495150e-01
  -5.9869841099021703e-01
  -6.0100103050480147e-01
  -6.0154264297628990e-01
  -5.9921643344115383e-01
  -5.9969565267785563e-01
  -6.0371721135544554e-01
  -5.9783727397018005e-01
  -6.0229212545834232e-01
  -6.0069638849706530e-01
  -6.0547834353504937e-01
  -6.0360261073348886e-01
  -6.0590298273175880e-01
  -6.0101133935075179e-01
  -6.0375862447438455e-01
  -5.9881714642074135e-01
  -6.0040414067628944e-01
  -6.0123510421385939e-01
  -6.0436813139904744e-01
  -5.9635212936699322e-01
  -6.0680022180228965e-01
  -6.0166130660684602e-01
  -6.0785311707358192e-01
  -6.0172440492804713e-01
  -6.0524178427379616e-01
  -5.9997707102397024e-01
  -6.0944956660591965e-01
  -6.0117999879415962e-01
  -6.0727357227565504e-01
  -6.0696229547772851e-01
  -6.0228890583535144e-01
  -6.0117474911531454e-01
  -6.0108292527249796e-01
  -5.9962138200733606e-01
  -5.9878955037849257e-01
  -6.0692199190259000e-01
  -6.0654249907707347e-01
  -5.9923777249956622e-01
  -5.9550677928565476e-01
  -5.9911171093264193e-01
  -6.0052893139875718e-01
  -6.0505341187303063e-01
