ARMA_MAT_TXT_FN008
1000 1
  -2.3621625718347173e+02
  -2.3471949888298323e+02
  -2.3529124574404767e+02
  -2.3453426335379578e+02
  -2.3447838060694983e+02
  -2.3414257379094738e+02
  -2.3343970334149694e+02
  -2.3205931185881022e+02
  -2.3049939017776194e+02
  -2.2784054864043731e+02
  -2.2399728537639524e+02
  -2.1829267878776568e+02
  -2.0994418282624861e+02
  -1.9864813895049755e+02
  -1.8243979961019784e+02
  -1.6078583855019741e+02
  -1.3375863040323617e+02
  -1.0358133822570778e+02
  -7.5734325135083111e+01
  -5.7713835725422015e+01
  -6.4188263452151944e+01
  -9.0253567423844345e+01
  -1.2227692526016293e+02
  -1.4491283361143462e+02
  -1.7944572604624858e+02
  -1.8741960738059819e+02
  -2.0169905097857543e+02
  -1.8338629555923475e+02
  -1.8264417970684400e+02
  -2.0093703744033454e+02
  -1.8919501188347462e+02
  -2.0005216583617545e+02
  -2.1818713272023427e+02
  -2.2415003720080443e+02
  -2.4419594838999976e+02
  -2.6123860102026532e+02
  -2.5752329022062924e+02
  -2.4794237951921525e+02
  -2.6833372825802013e+02
  -2.6649305601303871e+02
  -2.5549016727566328e+02
  -2.6459203968480392e+02
  -2.7565465066212278e+02
  -2.7636281244924686e+02
  -2.8787344854748920e+02
  -3.2943031129541970e+02
  -3.4077881473765166e+02
  -3.5105877830730878e+02
  -3.7085213946578068e+02
  -3.7970047526577275e+02
  -3.8939366271163698e+02
  -3.9702891286551278e+02
  -3.9855723897398821e+02
  -4.1599343722110336e+02
  -4.4932462567409357e+02
  -4.5342310855724298e+02
  -4.6932604075783132e+02
  -4.7574081548735148e+02
  -4.9073086337461677e+02
  -5.0138810810476463e+02
  -5.4632534110831330e+02
  -5.5170504670173352e+02
  -5.7204696057711067e+02
  -5.8467797420706279e+02
  -5.8289006357280709e+02
  -5.8777460218192334e+02
  -5.8601544580630525e+02
  -5.8590213090256691e+02
  -5.7180628168373380e+02
  -5.8510845676523434e+02
  -5.8086550985828228e+02
  -6.0773718967029652e+02
  -6.1375910520507023e+02
  -6.2301188827357885e+02
  -6.2055201643130181e+02
  -6.2439695221543241e+02
  -6.4163646491631368e+02
  -6.4859272692239551e+02
  -6.5524127643476629e+02
  -6.6843168978505776e+02
  -6.9231577642643094e+02
  -6.9611227492225271e+02
  -7.0699428822535833e+02
  -6.9258750924207061e+02
  -7.2484622514474825e+02
  -7.3014778812831287e+02
  -7.4043747054494486e+02
  -7.4570671699032425e+02
  -7.4952194564034323e+02
  -7.5041065115859760e+02
  -7.4408216581677425e+02
  -7.5654773103886839e+02
  -7.6423662955775512e+02
  -7.8939892357047734e+02
  -8.1868551976157198e+02
  -8.5889727241978630e+02
  -8.6765174856148985e+02
  -8.9274171629461705e+02
  -8.9006145859823835e+02
  -9.0704942653532510e+02
  -9.0901651622954967e+02
  -8.8709659065487301e+02
  -9.0345717521776851e+02
  -8.8707015340050884e+02
  -8.7860550270142392e+02
  -9.0068034709684332e+02
  -8.6147133906325416e+02
  -8.8458177661787033e+02
  -8.5628277809856377e+02
  -8.4928982575701343e+02
  -8.7053503496857923e+02
  -8.5675296480017016e+02
  -8.5985682119176101e+02
  -8.6557848711981273e+02
  -8.5721260731893938e+02
  -8.6551826273277561e+02
  -8.9284065414543966e+02
  -9.0426253949820523e+02
  -9.3008736535573132e+02
  -9.5992458239028588e+02
  -9.5991692070321142e+02
  -9.7446400232934513e+02
  -1.0021615854703044e+03
  -1.0215672706157910e+03
  -1.0723404252762082e+03
  -1.0812817432074266e+03
  -1.0759433175454394e+03
  -1.1478183496248816e+03
  -1.1481082764688142e+03
  -1.1663549811818207e+03
  -1.1991135622029883e+03
  -1.2123324911402960e+03
  -1.2235635500052986e+03
  -1.2133196902578159e+03
  -1.1831193883897454e+03
  -1.1788481215127954e+03
  -1.1400806419655198e+03
  -1.0733580220693038e+03
  -1.0388894179347174e+03
  -1.0004796897593894e+03
  -9.8158500889869447e+02
  -9.8181835362480626e+02
  -9.8137146632600286e+02
  -1.0069743395872281e+03
  -1.0383631744439285e+03
  -1.0785583500259875e+03
  -1.0824368414092648e+03
  -1.0921757866418384e+03
  -1.0809051335081997e+03
  -1.0819511958904641e+03
  -1.0517212416472416e+03
  -1.0720558757155370e+03
  -1.1162866926496447e+03
  -1.1393606565344364e+03
  -1.2024343699754206e+03
  -1.2696190193841785e+03
  -1.2828077723344391e+03
  -1.3035897412868546e+03
  -1.3420033119317197e+03
  -1.3575961829132991e+03
  -1.3448475417550824e+03
  -1.3137274621776230e+03
  -1.2866913362500100e+03
  -1.2339015845534586e+03
  -1.2023437444171748e+03
  -1.1682670889218396e+03
  -1.1122671772218625e+03
  -1.1108161556425134e+03
  -1.0891590429720982e+03
  -1.1096691091459259e+03
  -1.1143878942958231e+03
  -1.0988694284364587e+03
  -1.1145304233808261e+03
  -1.0886724594533634e+03
  -1.0941666527942380e+03
  -1.0499147532166176e+03
  -1.0783760725178111e+03
  -1.0787185062391561e+03
  -1.1272921887745360e+03
  -1.1728202429694641e+03
  -1.2887940397709488e+03
  -1.3352174678721490e+03
  -1.3464992893588492e+03
  -1.3813622973855615e+03
  -1.4056581089877238e+03
  -1.4086258947376484e+03
  -1.3823829451236422e+03
  -1.4119198771267340e+03
  -1.4392750363111063e+03
  -1.4148288424041280e+03
  -1.4215450978742128e+03
  -1.4025757005416790e+03
  -1.3717700082567212e+03
  -1.3445320712794739e+03
  -1.3309389311044292e+03
  -1.3364122748971129e+03
  -1.3373533327847342e+03
  -1.3510789406105118e+03
  -1.3122791959012841e+03
  -1.3221959975523898e+03
  -1.3202344199078807e+03
  -1.3169071393311121e+03
  -1.3192765232458589e+03
  -1.3238504011529506e+03
  -1.3687319751680816e+03
  -1.4278290608598918e+03
  -1.5160843462052001e+03
  -1.5670800766980974e+03
  -1.6209258228421138e+03
  -1.6344712482765867e+03
  -1.6172763214190627e+03
  -1.6032675864552125e+03
  -1.5951460166960917e+03
  -1.5840694969567251e+03
  -1.5800666957853846e+03
  -1.6285682374053299e+03
  -1.6471395025436173e+03
  -1.6213631053197973e+03
  -1.5866056275270196e+03
  -1.5348718032322708e+03
  -1.4968307150634253e+03
  -1.4494541138216910e+03
  -1.5195072356840931e+03
  -1.4816368635218823e+03
  -1.4404464461469961e+03
  -1.5059568762919666e+03
  -1.5308740504585910e+03
  -1.5617002987600690e+03
  -1.5603496126025068e+03
  -1.5909556653769944e+03
  -1.6670004688395736e+03
  -1.6993013329131056e+03
  -1.7329406403242731e+03
  -1.7280202049756467e+03
  -1.7617874401042509e+03
  -1.8331637150990252e+03
  -1.8929654780215646e+03
  -1.8492624922843333e+03
  -1.8231387173684620e+03
  -1.7400475718614316e+03
  -1.7656669134417546e+03
  -1.7407656126180800e+03
  -1.7430147324967938e+03
  -1.7627179134973524e+03
  -1.7583416730231602e+03
  -1.7779775917938180e+03
  -1.7763782827202069e+03
  -1.7668011692977200e+03
  -1.7370169896411055e+03
  -1.8002952768490720e+03
  -1.8155717711609761e+03
  -1.8121492281164351e+03
  -1.8315196253784461e+03
  -1.8332094047810815e+03
  -1.8541946907404194e+03
  -1.9601543020125969e+03
  -2.0144115888773681e+03
  -2.0610238196507353e+03
  -2.1547923328617626e+03
  -2.2998707813406963e+03
  -2.3510542723168332e+03
  -2.3597660545482308e+03
  -2.3405042093008324e+03
  -2.3167430680249663e+03
  -2.3188799488757791e+03
  -2.3288668918772164e+03
  -2.2968241489060233e+03
  -2.2102896332836540e+03
  -2.2249693254752524e+03
  -2.1708972244759038e+03
  -2.1759966658364497e+03
  -2.1909939122082396e+03
  -2.3212209372279640e+03
  -2.3287849929642675e+03
  -2.2744079215897723e+03
  -2.2713105883452045e+03
  -2.2663722052908083e+03
  -2.2257199754511203e+03
  -2.1493737049134484e+03
  -2.1922323769411364e+03
  -2.2321284329663572e+03
  -2.3720570451928356e+03
  -2.4522744251107879e+03
  -2.5738405797788278e+03
  -2.6644334736414535e+03
  -2.7543133517081606e+03
  -2.8574918304898865e+03
  -2.8868330514840627e+03
  -2.8464767886975133e+03
  -2.7842968569772215e+03
  -2.7178600479029660e+03
  -2.6542676873119040e+03
  -2.5492060304804945e+03
  -2.5441497741529952e+03
  -2.6114369024751759e+03
  -2.5785086229103313e+03
  -2.5601291359844786e+03
  -2.4959373559799328e+03
  -2.3535966088553955e+03
  -2.2740515457773145e+03
  -2.4898246098269155e+03
  -2.4759982821454828e+03
  -2.5630586229637797e+03
  -2.5627390099653553e+03
  -2.5757599255796013e+03
  -2.6996899601863606e+03
  -2.7443568134099319e+03
  -2.7231311449722407e+03
  -2.7389676064181399e+03
  -2.8100218155675143e+03
  -2.8806135620092837e+03
  -2.9739804836906683e+03
  -2.8873304332842131e+03
  -2.9147353128493687e+03
  -2.8956095962065488e+03
  -2.8444236901287354e+03
  -2.7584190079850259e+03
  -2.8278164058126226e+03
  -2.8475966367478504e+03
  -2.8204791835193678e+03
  -2.8566609974018456e+03
  -2.8011164928053854e+03
  -2.8504485264091531e+03
  -2.7894000771702135e+03
  -2.7889488978772042e+03
  -2.7785932550459597e+03
  -2.8179155892794506e+03
  -2.7527178304474205e+03
  -2.8829148707315853e+03
  -2.8774659434071573e+03
  -2.8616779223127437e+03
  -2.9175593475736873e+03
  -2.8831780935127631e+03
  -2.9730078384462281e+03
  -3.0875616551480025e+03
  -3.0913047593336214e+03
  -3.1289777721104679e+03
  -3.1374762983339656e+03
  -3.1289162560208538e+03
  -3.0797174922527706e+03
  -3.0872260855599752e+03
  -3.1098828904757793e+03
  -3.1887881571714925e+03
  -3.0981492641811433e+03
  -3.1271219465093791e+03
  -3.0999440821274311e+03
  -3.0497580582200035e+03
  -3.0263402902420098e+03
  -2.9857646083948025e+03
  -2.9366664956252330e+03
  -2.9520723030535014e+03
  -3.0071421472375096e+03
  -3.1044590847468803e+03
  -3.1854417904186062e+03
  -3.1493906518424296e+03
  -3.1016586604012000e+03
  -3.3113219641287824e+03
  -3.3230565355538124e+03
  -3.3307424044772042e+03
  -3.3660858445141171e+03
  -3.4504496357517992e+03
  -3.5818880914731703e+03
  -3.6748660349974398e+03
  -3.7946072347955669e+03
  -3.7889149299697901e+03
  -3.7616781274660284e+03
  -3.7094602917257171e+03
  -3.6025875107827351e+03
  -3.4347648453737411e+03
  -3.2194288972065297e+03
  -3.1154209819218904e+03
  -2.9165461276276974e+03
  -2.8603643589074609e+03
  -2.8183950712590918e+03
  -2.8220939877752467e+03
  -2.8219330807536089e+03
  -2.8912040540713770e+03
  -2.9159713015824786e+03
  -2.9007376597826383e+03
  -3.1097419550027298e+03
  -3.2227725083088935e+03
  -3.2688110916104442e+03
  -3.3501325292717893e+03
  -3.3825480994343047e+03
  -3.4899506540922912e+03
  -3.6265030162978387e+03
  -3.8134855197916409e+03
  -4.0338231684990151e+03
  -4.1850563408193093e+03
  -4.2448996926346763e+03
  -4.2272034969818642e+03
  -4.1786615759704991e+03
  -3.9957069204004356e+03
  -3.8618766422452804e+03
  -3.6037103853113153e+03
  -3.5191281898308271e+03
  -3.2407250982389660e+03
  -3.0865660023896044e+03
  -3.0680160043087740e+03
  -3.0598190476038294e+03
  -3.0932313776630976e+03
  -3.1168478388189192e+03
  -3.1092526306110963e+03
  -3.1461284446691807e+03
  -3.1749826566590182e+03
  -3.3013294905096041e+03
  -3.3898793370086751e+03
  -3.4824921057802339e+03
  -3.6219807158817330e+03
  -3.7202958917669607e+03
  -3.8515067646542448e+03
  -3.9273024570066118e+03
  -4.0038012606648063e+03
  -4.0798904136944375e+03
  -4.2066178994218844e+03
  -4.4259906103987105e+03
  -4.5777352134481689e+03
  -4.6491678332346473e+03
  -4.5497875036895648e+03
  -4.3980459001385325e+03
  -4.2150995033112076e+03
  -4.0534604856845676e+03
  -3.9238519974198889e+03
  -3.8423279297100635e+03
  -3.7624073610167461e+03
  -3.7593372284163097e+03
  -3.6895255272061822e+03
  -3.5500115277600266e+03
  -3.4677318403923373e+03
  -3.4015439910414507e+03
  -3.3673932660943674e+03
  -3.4221993681671233e+03
  -3.8246295500866995e+03
  -3.9870710132372033e+03
  -4.0861638899338000e+03
  -4.2203928290427184e+03
  -4.3093515675413182e+03
  -4.3683636954254271e+03
  -4.4817917981828778e+03
  -4.6178285760379622e+03
  -4.7487465533540608e+03
  -5.0832692159565077e+03
  -5.2246089175548868e+03
  -5.2727803991715782e+03
  -5.2071847791066921e+03
  -5.0504972268505398e+03
  -4.8680226453590749e+03
  -4.7050703505132506e+03
  -4.5809107473978274e+03
  -4.4187872277317465e+03
  -4.2590449079962755e+03
  -4.1254545896789750e+03
  -3.8919298933878717e+03
  -3.7357977693914895e+03
  -3.6165626910078704e+03
  -3.5195281643121534e+03
  -3.5617607786614326e+03
  -3.5957709015897453e+03
  -3.9188931185227098e+03
  -4.0989741555026421e+03
  -4.2634916154774710e+03
  -4.4781217526304763e+03
  -4.6398969836174692e+03
  -4.8251410908933667e+03
  -5.1115445467583750e+03
  -5.3391089809893083e+03
  -5.6286329272858129e+03
  -5.8450603651558995e+03
  -5.9113271600157077e+03
  -5.8845108092289247e+03
  -5.7567891438169181e+03
  -5.5963906062697670e+03
  -5.3955240699258375e+03
  -5.1676255749736629e+03
  -4.8979876300671849e+03
  -4.7031885838343587e+03
  -4.4246276619138162e+03
  -4.1820711780210104e+03
  -4.0878527128177448e+03
  -4.0051893664607924e+03
  -3.9319531275423005e+03
  -3.8594104110994590e+03
  -3.8131752777242909e+03
  -3.9921378802420572e+03
  -4.1633652572190576e+03
  -4.4296584569491351e+03
  -4.7284487006283143e+03
  -4.7307829772052728e+03
  -5.2096254649790235e+03
  -5.3734426526979933e+03
  -5.5293402803402341e+03
  -5.7485813946704238e+03
  -5.9428685210244594e+03
  -6.1856883077009152e+03
  -6.3329634570571461e+03
  -6.3508768959478157e+03
  -6.2502553943111079e+03
  -6.1789225087269451e+03
  -6.0800020313506357e+03
  -5.8707852024007552e+03
  -5.5354246239940994e+03
  -5.1545678369112611e+03
  -4.8389390459020206e+03
  -4.6335229432618116e+03
  -4.4472526032313745e+03
  -4.3019152719249314e+03
  -4.1846460487498825e+03
  -4.3932819987762414e+03
  -4.4863326204605746e+03
  -4.6460572742469230e+03
  -4.5987484087791490e+03
  -4.9619526612594364e+03
  -5.1836349849947355e+03
  -5.4644236654374317e+03
  -5.7134056793181371e+03
  -5.9141988034306860e+03
  -5.9792923867393483e+03
  -6.0775896547053908e+03
  -6.4185429515586493e+03
  -6.5902392443358731e+03
  -6.6714139795340279e+03
  -6.8739468517525911e+03
  -6.9850313495903738e+03
  -6.8690009684108672e+03
  -6.6220915347635146e+03
  -6.3448375829159677e+03
  -6.1069844482933340e+03
  -5.8848802797340104e+03
  -5.6026530763581413e+03
  -5.2925535880145189e+03
  -5.1876813437244864e+03
  -5.1532323746204629e+03
  -5.1060723526084848e+03
  -5.1304929921290604e+03
  -5.1809806491425488e+03
  -5.2615028953699975e+03
  -5.2936411391171905e+03
  -5.1530388287554551e+03
  -5.4282670673610646e+03
  -5.7184992357224019e+03
  -5.9964959206611229e+03
  -6.2607686981569213e+03
  -6.5073294506304401e+03
  -6.6734323366066010e+03
  -6.7768319839662645e+03
  -6.9020418802846316e+03
  -6.9676549675910574e+03
  -7.0250872440723251e+03
  -6.9289382349340085e+03
  -6.7259333711174531e+03
  -6.4863436733304043e+03
  -6.2898300910275502e+03
  -6.2088061220650998e+03
  -6.0022655053742274e+03
  -5.7782416211320597e+03
  -5.6705884296082531e+03
  -5.5471102305226095e+03
  -5.4576434198354873e+03
  -5.3021467522020394e+03
  -5.3537343138807109e+03
  -5.5172016744349221e+03
  -5.4749612386422596e+03
  -5.4368078843745152e+03
  -5.2670337486398839e+03
  -5.2311648903493906e+03
  -5.5015952853652361e+03
  -5.8701694323137162e+03
  -6.1903499181191546e+03
  -6.4279700999191355e+03
  -6.6135611424013669e+03
  -6.7933771772489663e+03
  -7.0993632394968981e+03
  -7.2253083108536885e+03
  -7.3203883656704984e+03
  -7.3449403502122104e+03
  -7.2523745439880840e+03
  -7.0802493969903726e+03
  -6.9306587019413555e+03
  -6.7591576419377898e+03
  -6.6020977962314855e+03
  -6.5837449073142943e+03
  -6.5591722995722266e+03
  -6.4735609871457209e+03
  -6.2963321705509434e+03
  -6.1034262182977282e+03
  -5.9742269467916212e+03
  -5.9265802776619657e+03
  -5.9279366636913337e+03
  -5.8696375319983035e+03
  -5.7343290551426480e+03
  -5.6501304106130856e+03
  -5.7129470048869671e+03
  -5.9022209522442681e+03
  -6.2676870459097454e+03
  -6.6299417049589756e+03
  -6.9664532092462878e+03
  -7.2614983423751082e+03
  -7.6277551966012306e+03
  -7.9522502263116812e+03
  -8.1365412628447184e+03
  -8.2072133492543107e+03
  -8.2425864542787731e+03
  -8.2580512930518362e+03
  -8.0827575713961214e+03
  -7.8330654281609250e+03
  -7.4399163130415291e+03
  -6.9964701672367119e+03
  -6.6775451196932645e+03
  -6.6270034630188011e+03
  -6.6519513752011117e+03
  -6.7362421687223405e+03
  -6.6655534958934504e+03
  -6.5883903096647082e+03
  -6.6292602043783590e+03
  -6.7562449007798996e+03
  -6.7476127706485158e+03
  -6.5771050887602732e+03
  -6.6207287422436366e+03
  -6.8413369435469667e+03
  -7.0989714527336200e+03
  -7.3220533992208011e+03
  -7.6699192467095017e+03
  -7.9975664929595614e+03
  -8.3207044015426854e+03
  -8.4983110399008710e+03
  -8.5909042002784954e+03
  -8.6786180161200227e+03
  -8.7089813405771747e+03
  -8.5966480481245908e+03
  -8.4117031671134882e+03
  -8.3070423371062971e+03
  -8.2383379459862299e+03
  -8.1028868653441432e+03
  -7.9081565839695650e+03
  -7.6572199644615484e+03
  -7.4988114225214267e+03
  -7.4181686310175210e+03
  -7.3508644641502115e+03
  -7.2221027468239545e+03
  -7.1101582888062621e+03
  -7.0496575955719845e+03
  -7.1923656234764321e+03
  -7.4819993005305450e+03
  -7.6773168282922170e+03
  -7.8763623360251549e+03
  -8.1063085107076813e+03
  -8.3714999657108310e+03
  -8.5382982925513752e+03
  -8.7258851423733449e+03
  -8.8353119887719258e+03
  -9.0940287846994597e+03
  -9.3642540270019599e+03
  -9.6467231962049918e+03
  -9.6497288548979432e+03
  -9.6145546780647728e+03
  -9.4583243487947348e+03
  -9.3005577638448140e+03
  -9.0930832279812712e+03
  -8.7793360899389118e+03
  -8.5142917847119879e+03
  -8.1617467866655725e+03
  -7.6829254017782587e+03
  -7.4865578698415920e+03
  -7.3458652856723747e+03
  -7.1759883916585213e+03
  -7.2685089740459871e+03
  -7.3340012593279926e+03
  -7.4315936571357743e+03
  -7.8473646792099580e+03
  -8.3126729771774098e+03
  -8.5177009919567390e+03
  -8.6574210955123999e+03
  -8.6348425087394498e+03
  -8.6573858210678245e+03
  -8.9429045687157377e+03
  -9.2261627946745102e+03
  -9.4663700276392938e+03
  -9.7651321291935383e+03
  -9.9445452107957681e+03
  -9.9840645643644202e+03
  -1.0142059733485517e+04
  -1.0225119575396015e+04
  -1.0110044499853184e+04
  -9.8810400361432712e+03
  -9.4271401707397272e+03
  -8.9981918308841286e+03
  -8.6475185091375115e+03
  -8.3537728444589284e+03
  -8.2387056756040602e+03
  -8.1053195773236084e+03
  -7.9349549502330456e+03
  -7.7857581615443569e+03
  -7.8907146897464872e+03
  -8.1328841209128259e+03
  -8.5978414422671867e+03
  -8.9235620051245332e+03
  -9.2992174590356572e+03
  -9.5202251598608400e+03
  -9.5438776268580441e+03
  -9.5439862090743154e+03
  -9.5468929111323232e+03
  -9.7089471855896263e+03
  -1.0103366670357913e+04
  -1.0311261406997792e+04
  -1.0573626007323875e+04
  -1.1014542004504045e+04
  -1.1187847007894685e+04
  -1.1242057534972872e+04
  -1.1157011514614363e+04
  -1.0991017983946387e+04
  -1.0832600561760124e+04
  -1.0409634619253395e+04
  -9.9032431468905943e+03
  -9.2510140330428912e+03
  -8.7719515669619759e+03
  -8.5835050082799444e+03
  -8.4976036494678574e+03
  -8.6471716044076911e+03
  -8.8056641534406062e+03
  -9.1127770101150691e+03
  -9.6588507373436114e+03
  -1.0188684921292999e+04
  -1.0542268658294191e+04
  -1.0739779108226297e+04
  -1.1071385419515756e+04
  -1.1284069848846844e+04
  -1.1294603670680819e+04
  -1.1313520522677081e+04
  -1.1496551309899582e+04
  -1.1492981250295819e+04
  -1.1541590665013826e+04
  -1.1602297715398741e+04
  -1.1939150926483137e+04
  -1.2100867752950839e+04
  -1.2180570641711693e+04
  -1.2221927707557883e+04
  -1.1994045488261667e+04
  -1.1624883921975430e+04
  -1.1252657628298475e+04
  -1.0703811419741374e+04
  -1.0037712861195434e+04
  -9.3755951020675202e+03
  -9.0626749940839418e+03
  -9.1512140091072888e+03
  -9.5982658295031524e+03
  -1.0107499812426375e+04
  -1.0551084718227985e+04
  -1.0913858738712097e+04
  -1.1157370747928497e+04
  -1.1387269765582643e+04
  -1.1605322877818939e+04
  -1.1608418387324273e+04
  -1.1582135525226508e+04
  -1.1622548808262622e+04
  -1.1699256728537113e+04
  -1.2024688194262480e+04
  -1.2677704322152525e+04
  -1.3110869157615500e+04
  -1.3349045369694006e+04
  -1.3677036447014203e+04
  -1.3669977149247603e+04
  -1.3346971303424110e+04
  -1.3061545722308842e+04
  -1.2734870053450089e+04
  -1.2247473004180154e+04
  -1.1688173890839620e+04
  -1.1296100678670835e+04
  -1.0902681194623225e+04
  -1.0479545671410357e+04
  -1.0175216721406328e+04
  -1.0215875260563238e+04
  -1.0237640384780550e+04
  -1.0414008416533257e+04
  -1.0518970397640342e+04
  -1.0768262008980217e+04
  -1.0866827877040489e+04
  -1.0976866887120195e+04
  -1.1213924093483740e+04
  -1.1425388867680271e+04
  -1.1922619764366887e+04
  -1.2408999810750231e+04
  -1.2764672309169229e+04
  -1.3075281718272965e+04
  -1.3171121309353304e+04
  -1.3436050345852898e+04
  -1.3416584791340276e+04
  -1.3414251574077765e+04
  -1.3398080524072640e+04
  -1.3541889308241220e+04
  -1.3521272129952795e+04
  -1.3049593382374629e+04
  -1.2424538363361173e+04
  -1.1948807350454475e+04
  -1.1734935421478371e+04
  -1.1647545231473276e+04
  -1.1398538135289005e+04
  -1.1076337599134493e+04
  -1.0987879030041042e+04
  -1.1094152921465971e+04
  -1.1227741909258042e+04
  -1.1381547122294369e+04
  -1.1323456773867332e+04
  -1.1602637171843973e+04
  -1.1648983915993633e+04
  -1.2119508181782854e+04
  -1.3072331879052261e+04
  -1.3557512533856765e+04
  -1.4060657774266232e+04
  -1.4334941147776508e+04
  -1.4334134675313502e+04
  -1.4369028731185706e+04
  -1.4436413501408551e+04
  -1.4330209336526514e+04
  -1.4433872366770873e+04
  -1.4520421680289965e+04
  -1.4377498245644230e+04
  -1.4153713562769330e+04
  -1.3996350310050582e+04
  -1.3925667089004386e+04
  -1.3666342309698137e+04
  -1.3140560146784439e+04
  -1.2626850511719662e+04
  -1.2332106357351715e+04
  -1.2154414368741584e+04
  -1.1780953701644883e+04
  -1.1547970599988384e+04
  -1.1422519443857236e+04
  -1.1378006948338776e+04
  -1.1613732204757838e+04
  -1.2364444145570924e+04
  -1.3006524747320178e+04
  -1.3700471785461925e+04
  -1.4423548855125169e+04
  -1.4983865170728082e+04
  -1.5494288569926966e+04
  -1.5797317691247275e+04
  -1.5973374782706158e+04
  -1.5911108487480238e+04
  -1.5749908849343630e+04
  -1.5849146685492246e+04
  -1.5763776681665568e+04
  -1.5781667969675362e+04
  -1.5860752801701365e+04
  -1.5657869726288136e+04
  -1.5690051109839209e+04
  -1.5579040523830336e+04
  -1.5248414264367806e+04
  -1.4737729103229865e+04
  -1.4072758982167328e+04
  -1.3392005203432993e+04
  -1.2686555847254365e+04
  -1.2538748478501770e+04
  -1.2373253904778694e+04
  -1.2459212800371088e+04
  -1.2522354864513276e+04
  -1.2874046653053549e+04
  -1.3264684292842543e+04
  -1.4234808179089607e+04
  -1.5343785955763451e+04
  -1.6204281820805256e+04
  -1.6887420440921123e+04
  -1.7505374437695464e+04
  -1.8232347721055474e+04
  -1.8583449490186820e+04
  -1.8518458443693133e+04
  -1.8348901206851489e+04
  -1.8301419689961695e+04
  -1.8228796121951702e+04
  -1.7899010613007322e+04
  -1.7657028975600282e+04
  -1.7269151620094421e+04
  -1.6649405654299913e+04
  -1.6094245050697844e+04
  -1.5872436963746157e+04
  -1.5376606330108771e+04
  -1.4633485453020785e+04
  -1.3845200026038159e+04
  -1.2974019870510534e+04
  -1.3013244120037558e+04
  -1.2971437044848861e+04
  -1.3097014767319413e+04
  -1.3347638468756362e+04
  -1.3870649121433929e+04
  -1.4705172322660437e+04
  -1.5684195666880441e+04
  -1.6378317500349818e+04
  -1.7066639691366592e+04
  -1.7635977250218599e+04
  -1.8159091661299313e+04
  -1.8651224706347210e+04
  -1.8983489981315259e+04
  -1.9143560813282718e+04
  -1.9495880345344558e+04
  -1.9430239005926338e+04
  -1.9428015253694040e+04
  -1.9560773412237781e+04
  -1.9675029662323301e+04
  -1.9238216937703364e+04
  -1.8527966516389326e+04
  -1.7740077765075363e+04
  -1.6933516061890765e+04
  -1.6365019547885076e+04
  -1.5795887441791998e+04
  -1.5444701303771548e+04
  -1.4658180876735305e+04
  -1.4123560669737250e+04
  -1.4146469386614055e+04
  -1.4201604703879621e+04
  -1.4600634850160290e+04
  -1.5143841248858686e+04
  -1.5653493776327748e+04
  -1.6354982546952302e+04
  -1.7035206963929126e+04
  -1.7538294237397942e+04
  -1.8148478188285764e+04
  -1.8632511345608418e+04
  -1.9458572984812196e+04
  -1.9942536405332827e+04
  -2.0557490061928507e+04
  -2.0874636091085627e+04
  -2.1135030666277056e+04
  -2.0845965668281504e+04
  -2.0546026117489957e+04
  -2.0457420393265675e+04
  -2.0266052511477461e+04
  -1.9913880151608457e+04
  -1.9642067720124443e+04
  -1.9092060272825889e+04
  -1.8205835846224621e+04
  -1.7357545841811912e+04
  -1.6418926654709903e+04
  -1.6091298379327858e+04
  -1.6383924991885029e+04
  -1.6523699315775320e+04
  -1.6666380818254725e+04
  -1.6859891021831223e+04
  -1.6939560425594875e+04
  -1.6774329172071997e+04
  -1.6554129253265175e+04
  -1.6438380291349142e+04
  -1.6535966119041372e+04
  -1.7584145536686643e+04
  -1.9270678524954736e+04
  -2.0613286573046647e+04
  -2.1636082699990850e+04
  -2.2685531968976400e+04
  -2.3487164021868426e+04
  -2.3607219666866546e+04
  -2.3223298901405906e+04
  -2.2971616559820508e+04
  -2.2719825316315611e+04
  -2.2099805764544795e+04
  -2.1435100011839269e+04
  -2.0756610056004105e+04
  -2.0052742824492998e+04
  -1.9600755560337882e+04
  -1.9151074267342570e+04
  -1.8816023483557958e+04
  -1.8506253085156248e+04
  -1.8152015099950466e+04
  -1.8173959094449870e+04
  -1.8234538040990752e+04
  -1.8190373757891557e+04
  -1.7547653490955101e+04
  -1.6900452616622912e+04
  -1.6798881871536280e+04
  -1.7181179257715463e+04
  -1.7968160759469891e+04
  -1.9095941401113712e+04
  -2.0512813961419241e+04
  -2.2167871065507945e+04
  -2.3757212361408656e+04
  -2.5046968353519380e+04
  -2.5486178122148522e+04
  -2.5707134623527490e+04
  -2.5268528351639634e+04
  -2.4662613649885192e+04
  -2.4078221485098995e+04
  -2.3762749557459701e+04
  -2.3357425342125156e+04
  -2.2485428514100062e+04
  -2.1764111175335718e+04
  -2.1480008491567212e+04
  -2.1057198819612095e+04
  -2.0465718994926156e+04
  -1.9596069212898336e+04
  -1.8759109447947405e+04
  -1.8694158626447203e+04
  -1.8803714531935660e+04
  -1.8576177655792537e+04
  -1.8271847359481468e+04
  -1.7861432550051009e+04
  -1.7839026817923386e+04
  -1.8185976829398471e+04
  -1.8980924854374727e+04
  -2.0456869526016410e+04
  -2.1624954483361587e+04
  -2.2983815205888466e+04
  -2.4441490901558554e+04
  -2.5775593834647596e+04
