ARMA_MAT_TXT_FN008
1000 1
  -7.3761886062693655e-02
  -7.3258211136390389e-02
  -7.1718452212206560e-02
  -7.3308692595911898e-02
  -6.9707018546839444e-02
  -7.1909037800910292e-02
  -6.7415706425679803e-02
  -7.0853457305510514e-02
  -7.1585424823631713e-02
  -7.2591113377064309e-02
  -7.4226728359808050e-02
  -7.2435895095006711e-02
  -8.0074467682972522e-02
  -7.6467548514293354e-02
  -7.4805322734890628e-02
  -8.4138824225350115e-02
  -8.8276512176362593e-02
  -9.3744802063864166e-02
  -1.0919429726307806e-01
  -1.2876097635208564e-01
  -1.3323239991835351e-01
  -1.4315628165125879e-01
  -1.4504323159063059e-01
  -1.5329311965533104e-01
  -1.5061029166289322e-01
  -1.5519091109364805e-01
  -1.5746096389867564e-01
  -1.5734717403854415e-01
  -1.5715603554150182e-01
  -1.5528334315643844e-01
  -1.5739623975922376e-01
  -1.5645240220117843e-01
  -1.5854933906100960e-01
  -1.5909958712703715e-01
  -1.5807696227120338e-01
  -1.5754723943526716e-01
  -1.5700092044609398e-01
  -1.5702316615876630e-01
  -1.5630866228879939e-01
  -1.5580826201041351e-01
  -1.5551819556514357e-01
  -1.5512107871976735e-01
  -1.5488238446470276e-01
  -1.5451115172673832e-01
  -1.5393229757855298e-01
  -1.5352182650441887e-01
  -1.5301175261258870e-01
  -1.5235592322178473e-01
  -1.5089265199977689e-01
  -1.4995828909660772e-01
  -1.4878868792448452e-01
  -1.4744382804691544e-01
  -1.4623644749862022e-01
  -1.4628893756001252e-01
  -1.4581713104290867e-01
  -1.4590425909060165e-01
  -1.4553608664373766e-01
  -1.4518074596570041e-01
  -1.4484782266860871e-01
  -1.4411289169539779e-01
  -1.4372421358459014e-01
  -1.4254685064404971e-01
  -1.4227225239037108e-01
  -1.4230459992745903e-01
  -1.4168680030412525e-01
   0.0000000000000000e+00
   0.0000000000000000e+00
   0.0000000000000000e+00
   0.0000000000000000e+00
   0.0000000000000000e+00
   0.0000000000000000e+00
   0.0000000000000000e+00
   0.0000000000000000e+00
   0.0000000000000000e+00
   0.0000000000000000e+00
   0.0000000000000000e+00
   0.0000000000000000e+00
   0.0000000000000000e+00
   0.0000000000000000e+00
   0.0000000000000000e+00
   0.0000000000000000e+00
   0.0000000000000000e+00
   0.0000000000000000e+00
   0.0000000000000000e+00
   0.0000000000000000e+00
   0.0000000000000000e+00
   0.0000000000000000e+00
   0.0000000000000000e+00
   0.0000000000000000e+00
   0.0000000000000000e+00
   0.0000000000000000e+00
   0.0000000000000000e+00
   0.0000000000000000e+00
   0.0000000000000000e+00
   0.0000000000000000e+00
   0.0000000000000000e+00
   0.0000000000000000e+00
   0.0000000000000000e+00
   0.0000000000000000e+00
   0.0000000000000000e+00
   0.0000000000000000e+00
   0.0000000000000000e+00
   0.0000000000000000e+00
   0.0000000000000000e+00
   0.0000000000000000e+00
   0.0000000000000000e+00
   0.0000000000000000e+00
   0.0000000000000000e+00
   0.0000000000000000e+00
   0.0000000000000000e+00
   0.0000000000000000e+00
   0.0000000000000000e+00
   0.0000000000000000e+00
   0.0000000000000000e+00
   0.0000000000000000e+00
   0.0000000000000000e+00
   0.0000000000000000e+00
   0.0000000000000000e+00
   0.0000000000000000e+00
   0.0000000000000000e+00
   0.0000000000000000e+00
   0.0000000000000000e+00
   0.0000000000000000e+00
   0.0000000000000000e+00
   0.0000000000000000e+00
   0.0000000000000000e+00
   0.0000000000000000e+00
   0.0000000000000000e+00
   0.0000000000000000e+00
   0.0000000000000000e+00
   0.0000000000000000e+00
   0.0000000000000000e+00
   0.0000000000000000e+00
   0.0000000000000000e+00
   0.0000000000000000e+00
   0.0000000000000000e+00
   0.0000000000000000e+00
   0.0000000000000000e+00
   0.0000000000000000e+00
   0.0000000000000000e+00
   0.0000000000000000e+00
   0.0000000000000000e+00
   0.0000000000000000e+00
   0.0000000000000000e+00
   0.0000000000000000e+00
   0.0000000000000000e+00
   0.0000000000000000e+00
   0.0000000000000000e+00
   0.0000000000000000e+00
   0.0000000000000000e+00
   0.0000000000000000e+00
   0.0000000000000000e+00
   0.0000000000000000e+00
   0.0000000000000000e+00
   0.0000000000000000e+00
   0.0000000000000000e+00
   0.0000000000000000e+00
   0.0000000000000000e+00
   0.0000000000000000e+00
   0.0000000000000000e+00
   0.0000000000000000e+00
   0.0000000000000000e+00
   0.0000000000000000e+00
   0.0000000000000000e+00
   0.0000000000000000e+00
   0.0000000000000000e+00
   0.0000000000000000e+00
   0.0000000000000000e+00
   0.0000000000000000e+00
   0.0000000000000000e+00
   0.0000000000000000e+00
   0.0000000000000000e+00
   0.0000000000000000e+00
   0.0000000000000000e+00
   0.0000000000000000e+00
   0.0000000000000000e+00
   0.0000000000000000e+00
   0.0000000000000000e+00
   0.0000000000000000e+00
   0.0000000000000000e+00
   0.0000000000000000e+00
   0.0000000000000000e+00
   0.0000000000000000e+00
   0.0000000000000000e+00
   0.0000000000000000e+00
   0.0000000000000000e+00
   0.0000000000000000e+00
   0.0000000000000000e+00
   0.0000000000000000e+00
   0.0000000000000000e+00
   0.0000000000000000e+00
   0.0000000000000000e+00
   0.0000000000000000e+00
   0.0000000000000000e+00
   0.0000000000000000e+00
   0.0000000000000000e+00
   0.0000000000000000e+00
   0.0000000000000000e+00
   0.0000000000000000e+00
   0.0000000000000000e+00
   0.0000000000000000e+00
   0.0000000000000000e+00
   0.0000000000000000e+00
   0.0000000000000000e+00
   0.0000000000000000e+00
   0.0000000000000000e+00
   0.0000000000000000e+00
   0.0000000000000000e+00
   0.0000000000000000e+00
   0.0000000000000000e+00
   0.0000000000000000e+00
   0.0000000000000000e+00
   0.0000000000000000e+00
   0.0000000000000000e+00
   0.0000000000000000e+00
   0.0000000000000000e+00
   0.0000000000000000e+00
   0.0000000000000000e+00
   0.0000000000000000e+00
   0.0000000000000000e+00
   0.0000000000000000e+00
   0.0000000000000000e+00
   0.0000000000000000e+00
   0.0000000000000000e+00
   0.0000000000000000e+00
   0.0000000000000000e+00
   0.0000000000000000e+00
   0.0000000000000000e+00
   0.0000000000000000e+00
   0.0000000000000000e+00
   0.0000000000000000e+00
   0.0000000000000000e+00
   0.0000000000000000e+00
   0.0000000000000000e+00
   0.0000000000000000e+00
   0.0000000000000000e+00
   0.0000000000000000e+00
   0.0000000000000000e+00
   0.0000000000000000e+00
   0.0000000000000000e+00
   0.0000000000000000e+00
   0.0000000000000000e+00
   0.0000000000000000e+00
   0.0000000000000000e+00
   0.0000000000000000e+00
   0.0000000000000000e+00
   0.0000000000000000e+00
   0.0000000000000000e+00
   0.0000000000000000e+00
   0.0000000000000000e+00
   0.0000000000000000e+00
   0.0000000000000000e+00
   0.0000000000000000e+00
   0.0000000000000000e+00
   0.0000000000000000e+00
   0.0000000000000000e+00
   0.0000000000000000e+00
   0.0000000000000000e+00
   0.0000000000000000e+00
   0.0000000000000000e+00
   0.0000000000000000e+00
   0.0000000000000000e+00
   0.0000000000000000e+00
   0.0000000000000000e+00
   0.0000000000000000e+00
   0.0000000000000000e+00
   0.0000000000000000e+00
   0.0000000000000000e+00
   0.0000000000000000e+00
   0.0000000000000000e+00
   0.0000000000000000e+00
   0.0000000000000000e+00
   0.0000000000000000e+00
   0.0000000000000000e+00
   0.0000000000000000e+00
   0.0000000000000000e+00
   0.0000000000000000e+00
   0.0000000000000000e+00
   0.0000000000000000e+00
   0.0000000000000000e+00
   0.0000000000000000e+00
   0.0000000000000000e+00
   0.0000000000000000e+00
   0.0000000000000000e+00
   0.0000000000000000e+00
   0.0000000000000000e+00
   0.0000000000000000e+00
   0.0000000000000000e+00
   0.0000000000000000e+00
   0.0000000000000000e+00
   0.0000000000000000e+00
   0.0000000000000000e+00
   0.0000000000000000e+00
   0.0000000000000000e+00
   0.0000000000000000e+00
   0.0000000000000000e+00
   0.0000000000000000e+00
   0.0000000000000000e+00
   0.0000000000000000e+00
   0.0000000000000000e+00
   0.0000000000000000e+00
   0.0000000000000000e+00
   0.0000000000000000e+00
   0.0000000000000000e+00
   0.0000000000000000e+00
   0.0000000000000000e+00
   0.0000000000000000e+00
   0.0000000000000000e+00
   0.0000000000000000e+00
   0.0000000000000000e+00
   0.0000000000000000e+00
   0.0000000000000000e+00
   0.0000000000000000e+00
   0.0000000000000000e+00
   0.0000000000000000e+00
   0.0000000000000000e+00
   0.0000000000000000e+00
   0.0000000000000000e+00
   0.0000000000000000e+00
   0.0000000000000000e+00
   0.0000000000000000e+00
   0.0000000000000000e+00
   0.0000000000000000e+00
   0.0000000000000000e+00
   0.0000000000000000e+00
   0.0000000000000000e+00
   0.0000000000000000e+00
   0.0000000000000000e+00
   0.0000000000000000e+00
   0.0000000000000000e+00
   0.0000000000000000e+00
   0.0000000000000000e+00
   0.0000000000000000e+00
   0.0000000000000000e+00
   0.0000000000000000e+00
   0.0000000000000000e+00
   0.0000000000000000e+00
   0.0000000000000000e+00
   0.0000000000000000e+00
   0.0000000000000000e+00
   0.0000000000000000e+00
   0.0000000000000000e+00
   0.0000000000000000e+00
   0.0000000000000000e+00
   0.0000000000000000e+00
   0.0000000000000000e+00
   0.0000000000000000e+00
   0.0000000000000000e+00
   0.0000000000000000e+00
   0.0000000000000000e+00
   0.0000000000000000e+00
   0.0000000000000000e+00
   0.0000000000000000e+00
   0.0000000000000000e+00
   0.0000000000000000e+00
   0.0000000000000000e+00
   0.0000000000000000e+00
   0.0000000000000000e+00
   0.0000000000000000e+00
   0.0000000000000000e+00
   0.0000000000000000e+00
   0.0000000000000000e+00
   0.0000000000000000e+00
   0.0000000000000000e+00
   0.0000000000000000e+00
   0.0000000000000000e+00
   0.0000000000000000e+00
   0.0000000000000000e+00
   0.0000000000000000e+00
   0.0000000000000000e+00
   0.0000000000000000e+00
   0.0000000000000000e+00
   0.0000000000000000e+00
   0.0000000000000000e+00
   0.0000000000000000e+00
   0.0000000000000000e+00
   0.0000000000000000e+00
   0.0000000000000000e+00
   0.0000000000000000e+00
   0.0000000000000000e+00
   0.0000000000000000e+00
   0.0000000000000000e+00
   0.0000000000000000e+00
   0.0000000000000000e+00
   0.0000000000000000e+00
   0.0000000000000000e+00
   0.0000000000000000e+00
   0.0000000000000000e+00
   0.0000000000000000e+00
   0.0000000000000000e+00
   0.0000000000000000e+00
   0.0000000000000000e+00
   0.0000000000000000e+00
   0.0000000000000000e+00
   0.0000000000000000e+00
   0.0000000000000000e+00
   0.0000000000000000e+00
   0.0000000000000000e+00
   0.0000000000000000e+00
   0.0000000000000000e+00
   0.0000000000000000e+00
   0.0000000000000000e+00
   0.0000000000000000e+00
   0.0000000000000000e+00
   0.0000000000000000e+00
   0.0000000000000000e+00
   0.0000000000000000e+00
   0.0000000000000000e+00
   0.0000000000000000e+00
   0.0000000000000000e+00
   0.0000000000000000e+00
   0.0000000000000000e+00
   0.0000000000000000e+00
   0.0000000000000000e+00
   0.0000000000000000e+00
   0.0000000000000000e+00
   0.0000000000000000e+00
   0.0000000000000000e+00
   0.0000000000000000e+00
   0.0000000000000000e+00
   0.0000000000000000e+00
   0.0000000000000000e+00
   0.0000000000000000e+00
   0.0000000000000000e+00
   0.0000000000000000e+00
   0.0000000000000000e+00
   0.0000000000000000e+00
   0.0000000000000000e+00
   0.0000000000000000e+00
   0.0000000000000000e+00
   0.0000000000000000e+00
   0.0000000000000000e+00
   0.0000000000000000e+00
   0.0000000000000000e+00
   0.0000000000000000e+00
   0.0000000000000000e+00
   0.0000000000000000e+00
   0.0000000000000000e+00
   0.0000000000000000e+00
   0.0000000000000000e+00
   0.0000000000000000e+00
   0.0000000000000000e+00
   0.0000000000000000e+00
   0.0000000000000000e+00
   0.0000000000000000e+00
   0.0000000000000000e+00
   0.0000000000000000e+00
   0.0000000000000000e+00
   0.0000000000000000e+00
   0.0000000000000000e+00
   0.0000000000000000e+00
   0.0000000000000000e+00
   0.0000000000000000e+00
   0.0000000000000000e+00
   0.0000000000000000e+00
   0.0000000000000000e+00
   0.0000000000000000e+00
   0.0000000000000000e+00
   0.0000000000000000e+00
   0.0000000000000000e+00
   0.0000000000000000e+00
   0.0000000000000000e+00
   0.0000000000000000e+00
   0.0000000000000000e+00
   0.0000000000000000e+00
   0.0000000000000000e+00
   0.0000000000000000e+00
   0.0000000000000000e+00
   0.0000000000000000e+00
   0.0000000000000000e+00
   0.0000000000000000e+00
   0.0000000000000000e+00
   0.0000000000000000e+00
   0.0000000000000000e+00
   0.0000000000000000e+00
   0.0000000000000000e+00
   0.0000000000000000e+00
   0.0000000000000000e+00
   0.0000000000000000e+00
   0.0000000000000000e+00
   0.0000000000000000e+00
   0.0000000000000000e+00
   0.0000000000000000e+00
   0.0000000000000000e+00
   0.0000000000000000e+00
   0.0000000000000000e+00
   0.0000000000000000e+00
   0.0000000000000000e+00
   0.0000000000000000e+00
   0.0000000000000000e+00
   0.0000000000000000e+00
   0.0000000000000000e+00
   0.0000000000000000e+00
   0.0000000000000000e+00
   0.0000000000000000e+00
   0.0000000000000000e+00
   0.0000000000000000e+00
   0.0000000000000000e+00
   0.0000000000000000e+00
   0.0000000000000000e+00
   0.0000000000000000e+00
   0.0000000000000000e+00
   0.0000000000000000e+00
   0.0000000000000000e+00
   0.0000000000000000e+00
   0.0000000000000000e+00
   0.0000000000000000e+00
   0.0000000000000000e+00
   0.0000000000000000e+00
   0.0000000000000000e+00
   0.0000000000000000e+00
   0.0000000000000000e+00
   0.0000000000000000e+00
   0.0000000000000000e+00
   0.0000000000000000e+00
   0.0000000000000000e+00
   0.0000000000000000e+00
   0.0000000000000000e+00
   0.0000000000000000e+00
   0.0000000000000000e+00
   0.0000000000000000e+00
   0.0000000000000000e+00
   0.0000000000000000e+00
   0.0000000000000000e+00
   0.0000000000000000e+00
   0.0000000000000000e+00
   0.0000000000000000e+00
   0.0000000000000000e+00
   0.0000000000000000e+00
   0.0000000000000000e+00
   0.0000000000000000e+00
   0.0000000000000000e+00
   0.0000000000000000e+00
   0.0000000000000000e+00
   0.0000000000000000e+00
   0.0000000000000000e+00
   0.0000000000000000e+00
   0.0000000000000000e+00
   0.0000000000000000e+00
   0.0000000000000000e+00
   0.0000000000000000e+00
   0.0000000000000000e+00
   0.0000000000000000e+00
   0.0000000000000000e+00
   0.0000000000000000e+00
   0.0000000000000000e+00
   0.0000000000000000e+00
   0.0000000000000000e+00
   0.0000000000000000e+00
   0.0000000000000000e+00
   0.0000000000000000e+00
   0.0000000000000000e+00
   0.0000000000000000e+00
   0.0000000000000000e+00
   0.0000000000000000e+00
   0.0000000000000000e+00
   0.0000000000000000e+00
   0.0000000000000000e+00
   0.0000000000000000e+00
   0.0000000000000000e+00
   0.0000000000000000e+00
   0.0000000000000000e+00
   0.0000000000000000e+00
   0.0000000000000000e+00
   0.0000000000000000e+00
   0.0000000000000000e+00
   0.0000000000000000e+00
   0.0000000000000000e+00
   0.0000000000000000e+00
   0.0000000000000000e+00
   0.0000000000000000e+00
   0.0000000000000000e+00
   0.0000000000000000e+00
   0.0000000000000000e+00
   0.0000000000000000e+00
   0.0000000000000000e+00
   0.0000000000000000e+00
   0.0000000000000000e+00
   0.0000000000000000e+00
   0.0000000000000000e+00
   0.0000000000000000e+00
   0.0000000000000000e+00
   0.0000000000000000e+00
   0.0000000000000000e+00
   0.0000000000000000e+00
   0.0000000000000000e+00
   0.0000000000000000e+00
   0.0000000000000000e+00
   0.0000000000000000e+00
   0.0000000000000000e+00
   0.0000000000000000e+00
   0.0000000000000000e+00
   0.0000000000000000e+00
   0.0000000000000000e+00
   0.0000000000000000e+00
   0.0000000000000000e+00
   0.0000000000000000e+00
   0.0000000000000000e+00
   0.0000000000000000e+00
   0.0000000000000000e+00
   0.0000000000000000e+00
   0.0000000000000000e+00
   0.0000000000000000e+00
   0.0000000000000000e+00
   0.0000000000000000e+00
   0.0000000000000000e+00
   0.0000000000000000e+00
   0.0000000000000000e+00
   0.0000000000000000e+00
   0.0000000000000000e+00
   0.0000000000000000e+00
   0.0000000000000000e+00
   0.0000000000000000e+00
   0.0000000000000000e+00
   0.0000000000000000e+00
   0.0000000000000000e+00
   0.0000000000000000e+00
   0.0000000000000000e+00
   0.0000000000000000e+00
   0.0000000000000000e+00
   0.0000000000000000e+00
   0.0000000000000000e+00
   0.0000000000000000e+00
   0.0000000000000000e+00
   0.0000000000000000e+00
   0.0000000000000000e+00
   0.0000000000000000e+00
   0.0000000000000000e+00
   0.0000000000000000e+00
   0.0000000000000000e+00
   0.0000000000000000e+00
   0.0000000000000000e+00
   0.0000000000000000e+00
   0.0000000000000000e+00
   0.0000000000000000e+00
   0.0000000000000000e+00
   0.0000000000000000e+00
   0.0000000000000000e+00
   0.0000000000000000e+00
   0.0000000000000000e+00
   0.0000000000000000e+00
   0.0000000000000000e+00
   0.0000000000000000e+00
   0.0000000000000000e+00
   0.0000000000000000e+00
   0.0000000000000000e+00
   0.0000000000000000e+00
   0.0000000000000000e+00
   0.0000000000000000e+00
   0.0000000000000000e+00
   0.0000000000000000e+00
   0.0000000000000000e+00
   0.0000000000000000e+00
   0.0000000000000000e+00
   0.0000000000000000e+00
   0.0000000000000000e+00
   0.0000000000000000e+00
   0.0000000000000000e+00
   0.0000000000000000e+00
   0.0000000000000000e+00
   0.0000000000000000e+00
   0.0000000000000000e+00
   0.0000000000000000e+00
   0.0000000000000000e+00
   0.0000000000000000e+00
   0.0000000000000000e+00
   0.0000000000000000e+00
   0.0000000000000000e+00
   0.0000000000000000e+00
   0.0000000000000000e+00
   0.0000000000000000e+00
   0.0000000000000000e+00
   0.0000000000000000e+00
   0.0000000000000000e+00
   0.0000000000000000e+00
   0.0000000000000000e+00
   0.0000000000000000e+00
   0.0000000000000000e+00
   0.0000000000000000e+00
   0.0000000000000000e+00
   0.0000000000000000e+00
   0.0000000000000000e+00
   0.0000000000000000e+00
   0.0000000000000000e+00
   0.0000000000000000e+00
   0.0000000000000000e+00
   0.0000000000000000e+00
   0.0000000000000000e+00
   0.0000000000000000e+00
   0.0000000000000000e+00
   0.0000000000000000e+00
   0.0000000000000000e+00
   0.0000000000000000e+00
   0.0000000000000000e+00
   0.0000000000000000e+00
   0.0000000000000000e+00
   0.0000000000000000e+00
   0.0000000000000000e+00
   0.0000000000000000e+00
   0.0000000000000000e+00
   0.0000000000000000e+00
   0.0000000000000000e+00
   0.0000000000000000e+00
   0.0000000000000000e+00
   0.0000000000000000e+00
   0.0000000000000000e+00
   0.0000000000000000e+00
   0.0000000000000000e+00
   0.0000000000000000e+00
   0.0000000000000000e+00
   0.0000000000000000e+00
   0.0000000000000000e+00
   0.0000000000000000e+00
   0.0000000000000000e+00
   0.0000000000000000e+00
   0.0000000000000000e+00
   0.0000000000000000e+00
   0.0000000000000000e+00
   0.0000000000000000e+00
   0.0000000000000000e+00
   0.0000000000000000e+00
   0.0000000000000000e+00
   0.0000000000000000e+00
   0.0000000000000000e+00
   0.0000000000000000e+00
   0.0000000000000000e+00
   0.0000000000000000e+00
   0.0000000000000000e+00
   0.0000000000000000e+00
   0.0000000000000000e+00
   0.0000000000000000e+00
   0.0000000000000000e+00
   0.0000000000000000e+00
   0.0000000000000000e+00
   0.0000000000000000e+00
   0.0000000000000000e+00
   0.0000000000000000e+00
   0.0000000000000000e+00
   0.0000000000000000e+00
   0.0000000000000000e+00
   0.0000000000000000e+00
   0.0000000000000000e+00
   0.0000000000000000e+00
   0.0000000000000000e+00
   0.0000000000000000e+00
   0.0000000000000000e+00
   0.0000000000000000e+00
   0.0000000000000000e+00
   0.0000000000000000e+00
   0.0000000000000000e+00
   0.0000000000000000e+00
   0.0000000000000000e+00
   0.0000000000000000e+00
   0.0000000000000000e+00
   0.0000000000000000e+00
   0.0000000000000000e+00
   0.0000000000000000e+00
   0.0000000000000000e+00
   0.0000000000000000e+00
   0.0000000000000000e+00
   0.0000000000000000e+00
   0.0000000000000000e+00
   0.0000000000000000e+00
   0.0000000000000000e+00
   0.0000000000000000e+00
   0.0000000000000000e+00
   0.0000000000000000e+00
   0.0000000000000000e+00
   0.0000000000000000e+00
   0.0000000000000000e+00
   0.0000000000000000e+00
   0.0000000000000000e+00
   0.0000000000000000e+00
   0.0000000000000000e+00
   0.0000000000000000e+00
   0.0000000000000000e+00
   0.0000000000000000e+00
   0.0000000000000000e+00
   0.0000000000000000e+00
   0.0000000000000000e+00
   0.0000000000000000e+00
   0.0000000000000000e+00
   0.0000000000000000e+00
   0.0000000000000000e+00
   0.0000000000000000e+00
   0.0000000000000000e+00
   0.0000000000000000e+00
   0.0000000000000000e+00
   0.0000000000000000e+00
   0.0000000000000000e+00
   0.0000000000000000e+00
   0.0000000000000000e+00
   0.0000000000000000e+00
   0.0000000000000000e+00
   0.0000000000000000e+00
   0.0000000000000000e+00
   0.0000000000000000e+00
   0.0000000000000000e+00
   0.0000000000000000e+00
   0.0000000000000000e+00
   0.0000000000000000e+00
   0.0000000000000000e+00
   0.0000000000000000e+00
   0.0000000000000000e+00
   0.0000000000000000e+00
   0.0000000000000000e+00
   0.0000000000000000e+00
   0.0000000000000000e+00
   0.0000000000000000e+00
   0.0000000000000000e+00
   0.0000000000000000e+00
   0.0000000000000000e+00
   0.0000000000000000e+00
   0.0000000000000000e+00
   0.0000000000000000e+00
   0.0000000000000000e+00
   0.0000000000000000e+00
   0.0000000000000000e+00
   0.0000000000000000e+00
   0.0000000000000000e+00
   0.0000000000000000e+00
   0.0000000000000000e+00
   0.0000000000000000e+00
   0.0000000000000000e+00
   0.0000000000000000e+00
   0.0000000000000000e+00
   0.0000000000000000e+00
   0.0000000000000000e+00
   0.0000000000000000e+00
   0.0000000000000000e+00
   0.0000000000000000e+00
   0.0000000000000000e+00
   0.0000000000000000e+00
   0.0000000000000000e+00
   0.0000000000000000e+00
   0.0000000000000000e+00
   0.0000000000000000e+00
   0.0000000000000000e+00
   0.0000000000000000e+00
   0.0000000000000000e+00
   0.0000000000000000e+00
   0.0000000000000000e+00
   0.0000000000000000e+00
   0.0000000000000000e+00
   0.0000000000000000e+00
   0.0000000000000000e+00
   0.0000000000000000e+00
   0.0000000000000000e+00
   0.0000000000000000e+00
   0.0000000000000000e+00
   0.0000000000000000e+00
   0.0000000000000000e+00
   0.0000000000000000e+00
   0.0000000000000000e+00
   0.0000000000000000e+00
   0.0000000000000000e+00
   0.0000000000000000e+00
   0.0000000000000000e+00
   0.0000000000000000e+00
   0.0000000000000000e+00
   0.0000000000000000e+00
   0.0000000000000000e+00
   0.0000000000000000e+00
   0.0000000000000000e+00
   0.0000000000000000e+00
   0.0000000000000000e+00
   0.0000000000000000e+00
   0.0000000000000000e+00
   0.0000000000000000e+00
   0.0000000000000000e+00
   0.0000000000000000e+00
   0.0000000000000000e+00
   0.0000000000000000e+00
   0.0000000000000000e+00
   0.0000000000000000e+00
   0.0000000000000000e+00
   0.0000000000000000e+00
   0.0000000000000000e+00
   0.0000000000000000e+00
   0.0000000000000000e+00
   0.0000000000000000e+00
   0.0000000000000000e+00
   0.0000000000000000e+00
   0.0000000000000000e+00
   0.0000000000000000e+00
   0.0000000000000000e+00
   0.0000000000000000e+00
   0.0000000000000000e+00
   0.0000000000000000e+00
   0.0000000000000000e+00
   0.0000000000000000e+00
   0.0000000000000000e+00
   0.0000000000000000e+00
   0.0000000000000000e+00
   0.0000000000000000e+00
   0.0000000000000000e+00
   0.0000000000000000e+00
   0.0000000000000000e+00
   0.0000000000000000e+00
   0.0000000000000000e+00
   0.0000000000000000e+00
   0.0000000000000000e+00
   0.0000000000000000e+00
   0.0000000000000000e+00
   0.0000000000000000e+00
   0.0000000000000000e+00
   0.0000000000000000e+00
   0.0000000000000000e+00
   0.0000000000000000e+00
   0.0000000000000000e+00
   0.0000000000000000e+00
   0.0000000000000000e+00
   0.0000000000000000e+00
   0.0000000000000000e+00
   0.0000000000000000e+00
   0.0000000000000000e+00
   0.0000000000000000e+00
   0.0000000000000000e+00
   0.0000000000000000e+00
   0.0000000000000000e+00
   0.0000000000000000e+00
   0.0000000000000000e+00
   0.0000000000000000e+00
   0.0000000000000000e+00
   0.0000000000000000e+00
   0.0000000000000000e+00
   0.0000000000000000e+00
   0.0000000000000000e+00
   0.0000000000000000e+00
   0.0000000000000000e+00
   0.0000000000000000e+00
   0.0000000000000000e+00
   0.0000000000000000e+00
   0.0000000000000000e+00
   0.0000000000000000e+00
   0.0000000000000000e+00
   0.0000000000000000e+00
   0.0000000000000000e+00
   0.0000000000000000e+00
   0.0000000000000000e+00
   0.0000000000000000e+00
   0.0000000000000000e+00
   0.0000000000000000e+00
   0.0000000000000000e+00
   0.0000000000000000e+00
   0.0000000000000000e+00
   0.0000000000000000e+00
   0.0000000000000000e+00
   0.0000000000000000e+00
   0.0000000000000000e+00
   0.0000000000000000e+00
   0.0000000000000000e+00
   0.0000000000000000e+00
   0.0000000000000000e+00
   0.0000000000000000e+00
   0.0000000000000000e+00
   0.0000000000000000e+00
   0.0000000000000000e+00
   0.0000000000000000e+00
   0.0000000000000000e+00
   0.0000000000000000e+00
   0.0000000000000000e+00
   0.0000000000000000e+00
   0.0000000000000000e+00
   0.0000000000000000e+00
   0.0000000000000000e+00
   0.0000000000000000e+00
   0.0000000000000000e+00
   0.0000000000000000e+00
   0.0000000000000000e+00
   0.0000000000000000e+00
   0.0000000000000000e+00
   0.0000000000000000e+00
   0.0000000000000000e+00
   0.0000000000000000e+00
   0.0000000000000000e+00
   0.0000000000000000e+00
   0.0000000000000000e+00
   0.0000000000000000e+00
   0.0000000000000000e+00
   0.0000000000000000e+00
   0.0000000000000000e+00
   0.0000000000000000e+00
   0.0000000000000000e+00
   0.0000000000000000e+00
   0.0000000000000000e+00
   0.0000000000000000e+00
   0.0000000000000000e+00
   0.0000000000000000e+00
   0.0000000000000000e+00
   0.0000000000000000e+00
   0.0000000000000000e+00
   0.0000000000000000e+00
   0.0000000000000000e+00
   0.0000000000000000e+00
   0.0000000000000000e+00
   0.0000000000000000e+00
   0.0000000000000000e+00
   0.0000000000000000e+00
   0.0000000000000000e+00
