J1 0 1 0 0 0.000000
J1 0 1 0 1 -0.001595
J1 0 1 0 2 0.000000
J1 0 1 0 3 0.000000
J1 0 1 0 4 -0.001777
J1 0 1 0 5 0.000000
J1 0 1 0 6 0.000000
J1 0 1 0 7 0.000000
J1 0 1 0 8 0.000000
J1 0 1 0 9 0.000000
J1 0 1 0 10 0.000000
J1 0 1 0 11 0.000000
J1 0 1 0 12 0.000000
J1 0 1 0 13 0.000000
J1 0 1 0 14 0.000000
J1 0 1 0 15 0.000000
J1 0 1 0 16 0.000000
J1 0 1 0 17 0.000000
J1 0 1 0 18 0.000000
J1 0 1 0 19 0.000000
J1 0 1 0 20 0.000000
J1 0 1 1 0 -0.001595
J1 0 1 1 1 0.014988
J1 0 1 1 2 -0.001533
J1 0 1 1 3 -0.002276
J1 0 1 1 4 0.040499
J1 0 1 1 5 -0.002536
J1 0 1 1 6 -0.001683
J1 0 1 1 7 -0.002758
J1 0 1 1 8 -0.002920
J1 0 1 1 9 -0.001931
J1 0 1 1 10 -0.002342
J1 0 1 1 11 -0.002455
J1 0 1 1 12 -0.002196
J1 0 1 1 13 -0.003170
J1 0 1 1 14 -0.001683
J1 0 1 1 15 -0.002978
J1 0 1 1 16 -0.002332
J1 0 1 1 17 -0.001193
J1 0 1 1 18 -0.001481
J1 0 1 1 19 -0.001963
J1 0 1 1 20 -0.001563
J1 0 1 2 0 0.000000
J1 0 1 2 1 -0.001533
J1 0 1 2 2 0.000000
J1 0 1 2 3 0.000000
J1 0 1 2 4 -0.002017
J1 0 1 2 5 0.000000
J1 0 1 2 6 0.000000
J1 0 1 2 7 0.000000
J1 0 1 2 8 0.000000
J1 0 1 2 9 0.000000
J1 0 1 2 10 0.000000
J1 0 1 2 11 0.000000
J1 0 1 2 12 0.000000
J1 0 1 2 13 0.000000
J1 0 1 2 14 0.000000
J1 0 1 2 15 0.000000
J1 0 1 2 16 0.000000
J1 0 1 2 17 0.000000
J1 0 1 2 18 0.000000
J1 0 1 2 19 0.000000
J1 0 1 2 20 0.000000
J1 0 1 3 0 0.000000
J1 0 1 3 1 -0.002276
J1 0 1 3 2 0.000000
J1 0 1 3 3 0.000000
J1 0 1 3 4 -0.002086
J1 0 1 3 5 0.000000
J1 0 1 3 6 0.000000
J1 0 1 3 7 0.000000
J1 0 1 3 8 0.000000
J1 0 1 3 9 0.000000
J1 0 1 3 10 0.000000
J1 0 1 3 11 0.000000
J1 0 1 3 12 0.000000
J1 0 1 3 13 0.000000
J1 0 1 3 14 0.000000
J1 0 1 3 15 0.000000
J1 0 1 3 16 0.000000
J1 0 1 3 17 0.000000
J1 0 1 3 18 0.000000
J1 0 1 3 19 0.000000
J1 0 1 3 20 0.000000
J1 0 1 4 0 -0.001777
J1 0 1 4 1 0.040499
J1 0 1 4 2 -0.002017
J1 0 1 4 3 -0.002086
J1 0 1 4 4 0.027859
J1 0 1 4 5 -0.003068
J1 0 1 4 6 -0.002125
J1 0 1 4 7 -0.002611
J1 0 1 4 8 -0.002120
J1 0 1 4 9 -0.001420
J1 0 1 4 10 -0.001513
J1 0 1 4 11 -0.002336
J1 0 1 4 12 -0.002117
J1 0 1 4 13 -0.003074
J1 0 1 4 14 -0.001569
J1 0 1 4 15 -0.003209
J1 0 1 4 16 -0.002792
J1 0 1 4 17 -0.002061
J1 0 1 4 18 -0.002435
J1 0 1 4 19 -0.001197
J1 0 1 4 20 -0.003232
J1 0 1 5 0 0.000000
J1 0 1 5 1 -0.002536
J1 0 1 5 2 0.000000
J1 0 1 5 3 0.000000
J1 0 1 5 4 -0.003068
J1 0 1 5 5 0.000000
J1 0 1 5 6 0.000000
J1 0 1 5 7 0.000000
J1 0 1 5 8 0.000000
J1 0 1 5 9 0.000000
J1 0 1 5 10 0.000000
J1 0 1 5 11 0.000000
J1 0 1 5 12 0.000000
J1 0 1 5 13 0.000000
J1 0 1 5 14 0.000000
J1 0 1 5 15 0.000000
J1 0 1 5 16 0.000000
J1 0 1 5 17 0.000000
J1 0 1 5 18 0.000000
J1 0 1 5 19 0.000000
J1 0 1 5 20 0.000000
J1 0 1 6 0 0.000000
J1 0 1 6 1 -0.001683
J1 0 1 6 2 0.000000
J1 0 1 6 3 0.000000
J1 0 1 6 4 -0.002125
J1 0 1 6 5 0.000000
J1 0 1 6 6 0.000000
J1 0 1 6 7 0.000000
J1 0 1 6 8 0.000000
J1 0 1 6 9 0.000000
J1 0 1 6 10 0.000000
J1 0 1 6 11 0.000000
J1 0 1 6 12 0.000000
J1 0 1 6 13 0.000000
J1 0 1 6 14 0.000000
J1 0 1 6 15 0.000000
J1 0 1 6 16 0.000000
J1 0 1 6 17 0.000000
J1 0 1 6 18 0.000000
J1 0 1 6 19 0.000000
J1 0 1 6 20 0.000000
J1 0 1 7 0 0.000000
J1 0 1 7 1 -0.002758
J1 0 1 7 2 0.000000
J1 0 1 7 3 0.000000
J1 0 1 7 4 -0.002611
J1 0 1 7 5 0.000000
J1 0 1 7 6 0.000000
J1 0 1 7 7 0.000000
J1 0 1 7 8 0.000000
J1 0 1 7 9 0.000000
J1 0 1 7 10 0.000000
J1 0 1 7 11 0.000000
J1 0 1 7 12 0.000000
J1 0 1 7 13 0.000000
J1 0 1 7 14 0.000000
J1 0 1 7 15 0.000000
J1 0 1 7 16 0.000000
J1 0 1 7 17 0.000000
J1 0 1 7 18 0.000000
J1 0 1 7 19 0.000000
J1 0 1 7 20 0.000000
J1 0 1 8 0 0.000000
J1 0 1 8 1 -0.002920
J1 0 1 8 2 0.000000
J1 0 1 8 3 0.000000
J1 0 1 8 4 -0.002120
J1 0 1 8 5 0.000000
J1 0 1 8 6 0.000000
J1 0 1 8 7 0.000000
J1 0 1 8 8 0.000000
J1 0 1 8 9 0.000000
J1 0 1 8 10 0.000000
J1 0 1 8 11 0.000000
J1 0 1 8 12 0.000000
J1 0 1 8 13 0.000000
J1 0 1 8 14 0.000000
J1 0 1 8 15 0.000000
J1 0 1 8 16 0.000000
J1 0 1 8 17 0.000000
J1 0 1 8 18 0.000000
J1 0 1 8 19 0.000000
J1 0 1 8 20 0.000000
J1 0 1 9 0 0.000000
J1 0 1 9 1 -0.001931
J1 0 1 9 2 0.000000
J1 0 1 9 3 0.000000
J1 0 1 9 4 -0.001420
J1 0 1 9 5 0.000000
J1 0 1 9 6 0.000000
J1 0 1 9 7 0.000000
J1 0 1 9 8 0.000000
J1 0 1 9 9 0.000000
J1 0 1 9 10 0.000000
J1 0 1 9 11 0.000000
J1 0 1 9 12 0.000000
J1 0 1 9 13 0.000000
J1 0 1 9 14 0.000000
J1 0 1 9 15 0.000000
J1 0 1 9 16 0.000000
J1 0 1 9 17 0.000000
J1 0 1 9 18 0.000000
J1 0 1 9 19 0.000000
J1 0 1 9 20 0.000000
J1 0 1 10 0 0.000000
J1 0 1 10 1 -0.002342
J1 0 1 10 2 0.000000
J1 0 1 10 3 0.000000
J1 0 1 10 4 -0.001513
J1 0 1 10 5 0.000000
J1 0 1 10 6 0.000000
J1 0 1 10 7 0.000000
J1 0 1 10 8 0.000000
J1 0 1 10 9 0.000000
J1 0 1 10 10 0.000000
J1 0 1 10 11 0.000000
J1 0 1 10 12 0.000000
J1 0 1 10 13 0.000000
J1 0 1 10 14 0.000000
J1 0 1 10 15 0.000000
J1 0 1 10 16 0.000000
J1 0 1 10 17 0.000000
J1 0 1 10 18 0.000000
J1 0 1 10 19 0.000000
J1 0 1 10 20 0.000000
J1 0 1 11 0 0.000000
J1 0 1 11 1 -0.002455
J1 0 1 11 2 0.000000
J1 0 1 11 3 0.000000
J1 0 1 11 4 -0.002336
J1 0 1 11 5 0.000000
J1 0 1 11 6 0.000000
J1 0 1 11 7 0.000000
J1 0 1 11 8 0.000000
J1 0 1 11 9 0.000000
J1 0 1 11 10 0.000000
J1 0 1 11 11 0.000000
J1 0 1 11 12 0.000000
J1 0 1 11 13 0.000000
J1 0 1 11 14 0.000000
J1 0 1 11 15 0.000000
J1 0 1 11 16 0.000000
J1 0 1 11 17 0.000000
J1 0 1 11 18 0.000000
J1 0 1 11 19 0.000000
J1 0 1 11 20 0.000000
J1 0 1 12 0 0.000000
J1 0 1 12 1 -0.002196
J1 0 1 12 2 0.000000
J1 0 1 12 3 0.000000
J1 0 1 12 4 -0.002117
J1 0 1 12 5 0.000000
J1 0 1 12 6 0.000000
J1 0 1 12 7 0.000000
J1 0 1 12 8 0.000000
J1 0 1 12 9 0.000000
J1 0 1 12 10 0.000000
J1 0 1 12 11 0.000000
J1 0 1 12 12 0.000000
J1 0 1 12 13 0.000000
J1 0 1 12 14 0.000000
J1 0 1 12 15 0.000000
J1 0 1 12 16 0.000000
J1 0 1 12 17 0.000000
J1 0 1 12 18 0.000000
J1 0 1 12 19 0.000000
J1 0 1 12 20 0.000000
J1 0 1 13 0 0.000000
J1 0 1 13 1 -0.003170
J1 0 1 13 2 0.000000
J1 0 1 13 3 0.000000
J1 0 1 13 4 -0.003074
J1 0 1 13 5 0.000000
J1 0 1 13 6 0.000000
J1 0 1 13 7 0.000000
J1 0 1 13 8 0.000000
J1 0 1 13 9 0.000000
J1 0 1 13 10 0.000000
J1 0 1 13 11 0.000000
J1 0 1 13 12 0.000000
J1 0 1 13 13 0.000000
J1 0 1 13 14 0.000000
J1 0 1 13 15 0.000000
J1 0 1 13 16 0.000000
J1 0 1 13 17 0.000000
J1 0 1 13 18 0.000000
J1 0 1 13 19 0.000000
J1 0 1 13 20 0.000000
J1 0 1 14 0 0.000000
J1 0 1 14 1 -0.001683
J1 0 1 14 2 0.000000
J1 0 1 14 3 0.000000
J1 0 1 14 4 -0.001569
J1 0 1 14 5 0.000000
J1 0 1 14 6 0.000000
J1 0 1 14 7 0.000000
J1 0 1 14 8 0.000000
J1 0 1 14 9 0.000000
J1 0 1 14 10 0.000000
J1 0 1 14 11 0.000000
J1 0 1 14 12 0.000000
J1 0 1 14 13 0.000000
J1 0 1 14 14 0.000000
J1 0 1 14 15 0.000000
J1 0 1 14 16 0.000000
J1 0 1 14 17 0.000000
J1 0 1 14 18 0.000000
J1 0 1 14 19 0.000000
J1 0 1 14 20 0.000000
J1 0 1 15 0 0.000000
J1 0 1 15 1 -0.002978
J1 0 1 15 2 0.000000
J1 0 1 15 3 0.000000
J1 0 1 15 4 -0.003209
J1 0 1 15 5 0.000000
J1 0 1 15 6 0.000000
J1 0 1 15 7 0.000000
J1 0 1 15 8 0.000000
J1 0 1 15 9 0.000000
J1 0 1 15 10 0.000000
J1 0 1 15 11 0.000000
J1 0 1 15 12 0.000000
J1 0 1 15 13 0.000000
J1 0 1 15 14 0.000000
J1 0 1 15 15 0.000000
J1 0 1 15 16 0.000000
J1 0 1 15 17 0.000000
J1 0 1 15 18 0.000000
J1 0 1 15 19 0.000000
J1 0 1 15 20 0.000000
J1 0 1 16 0 0.000000
J1 0 1 16 1 -0.002332
J1 0 1 16 2 0.000000
J1 0 1 16 3 0.000000
J1 0 1 16 4 -0.002792
J1 0 1 16 5 0.000000
J1 0 1 16 6 0.000000
J1 0 1 16 7 0.000000
J1 0 1 16 8 0.000000
J1 0 1 16 9 0.000000
J1 0 1 16 10 0.000000
J1 0 1 16 11 0.000000
J1 0 1 16 12 0.000000
J1 0 1 16 13 0.000000
J1 0 1 16 14 0.000000
J1 0 1 16 15 0.000000
J1 0 1 16 16 0.000000
J1 0 1 16 17 0.000000
J1 0 1 16 18 0.000000
J1 0 1 16 19 0.000000
J1 0 1 16 20 0.000000
J1 0 1 17 0 0.000000
J1 0 1 17 1 -0.001193
J1 0 1 17 2 0.000000
J1 0 1 17 3 0.000000
J1 0 1 17 4 -0.002061
J1 0 1 17 5 0.000000
J1 0 1 17 6 0.000000
J1 0 1 17 7 0.000000
J1 0 1 17 8 0.000000
J1 0 1 17 9 0.000000
J1 0 1 17 10 0.000000
J1 0 1 17 11 0.000000
J1 0 1 17 12 0.000000
J1 0 1 17 13 0.000000
J1 0 1 17 14 0.000000
J1 0 1 17 15 0.000000
J1 0 1 17 16 0.000000
J1 0 1 17 17 0.000000
J1 0 1 17 18 0.000000
J1 0 1 17 19 0.000000
J1 0 1 17 20 0.000000
J1 0 1 18 0 0.000000
J1 0 1 18 1 -0.001481
J1 0 1 18 2 0.000000
J1 0 1 18 3 0.000000
J1 0 1 18 4 -0.002435
J1 0 1 18 5 0.000000
J1 0 1 18 6 0.000000
J1 0 1 18 7 0.000000
J1 0 1 18 8 0.000000
J1 0 1 18 9 0.000000
J1 0 1 18 10 0.000000
J1 0 1 18 11 0.000000
J1 0 1 18 12 0.000000
J1 0 1 18 13 0.000000
J1 0 1 18 14 0.000000
J1 0 1 18 15 0.000000
J1 0 1 18 16 0.000000
J1 0 1 18 17 0.000000
J1 0 1 18 18 0.000000
J1 0 1 18 19 0.000000
J1 0 1 18 20 0.000000
J1 0 1 19 0 0.000000
J1 0 1 19 1 -0.001963
J1 0 1 19 2 0.000000
J1 0 1 19 3 0.000000
J1 0 1 19 4 -0.001197
J1 0 1 19 5 0.000000
J1 0 1 19 6 0.000000
J1 0 1 19 7 0.000000
J1 0 1 19 8 0.000000
J1 0 1 19 9 0.000000
J1 0 1 19 10 0.000000
J1 0 1 19 11 0.000000
J1 0 1 19 12 0.000000
J1 0 1 19 13 0.000000
J1 0 1 19 14 0.000000
J1 0 1 19 15 0.000000
J1 0 1 19 16 0.000000
J1 0 1 19 17 0.000000
J1 0 1 19 18 0.000000
J1 0 1 19 19 0.000000
J1 0 1 19 20 0.000000
J1 0 1 20 0 0.000000
J1 0 1 20 1 -0.001563
J1 0 1 20 2 0.000000
J1 0 1 20 3 0.000000
J1 0 1 20 4 -0.003232
J1 0 1 20 5 0.000000
J1 0 1 20 6 0.000000
J1 0 1 20 7 0.000000
J1 0 1 20 8 0.000000
J1 0 1 20 9 0.000000
J1 0 1 20 10 0.000000
J1 0 1 20 11 0.000000
J1 0 1 20 12 0.000000
J1 0 1 20 13 0.000000
J1 0 1 20 14 0.000000
J1 0 1 20 15 0.000000
J1 0 1 20 16 0.000000
J1 0 1 20 17 0.000000
J1 0 1 20 18 0.000000
J1 0 1 20 19 0.000000
J1 0 1 20 20 0.000000
h1 0 0 -0.664848
h1 0 1 6.312347
h1 0 2 -0.664231
h1 0 3 -0.664914
h1 0 4 6.322159
h1 0 5 -0.666145
h1 0 6 -0.664989
h1 0 7 -0.665089
h1 0 8 -0.664541
h1 0 9 -0.664650
h1 0 10 -0.664747
h1 0 11 -0.665398
h1 0 12 -0.664908
h1 0 13 -0.666687
h1 0 14 -0.664184
h1 0 15 -0.666387
h1 0 16 -0.665189
h1 0 17 -0.663985
h1 0 18 -0.664276
h1 0 19 -0.663981
h1 0 20 -0.665356
h1 1 0 -0.663878
h1 1 1 6.308409
h1 1 2 -0.664674
h1 1 3 -0.664802
h1 1 4 6.322167
h1 1 5 -0.664814
h1 1 6 -0.664173
h1 1 7 -0.665634
h1 1 8 -0.665855
h1 1 9 -0.664055
h1 1 10 -0.664463
h1 1 11 -0.664747
h1 1 12 -0.664760
h1 1 13 -0.664912
h1 1 14 -0.664423
h1 1 15 -0.665154
h1 1 16 -0.665289
h1 1 17 -0.664623
h1 1 18 -0.664995
h1 1 19 -0.664534
h1 1 20 -0.664792
