ARMA_MAT_TXT_FN008
1000 1
  -8.0971918689748051e+01
  -8.1039896766017463e+01
  -8.1157470751642663e+01
  -8.1216401303384970e+01
  -8.1470124299162379e+01
  -8.1759668755923400e+01
  -8.2311757744920811e+01
  -8.3083873910205980e+01
  -8.4361027633148964e+01
  -8.6654139046085476e+01
  -9.1154514340184292e+01
  -9.8853465141216475e+01
  -1.1317511175627148e+02
  -1.6886783884247035e+02
  -1.7117061149507396e+02
  -9.1192350800002899e+01
  -1.0030863608097752e+02
  -1.1993063399583322e+02
  -1.2900694905997614e+02
  -1.8530868822061478e+02
  -1.6721559613897753e+02
  -1.0800264519032456e+02
  -1.0662264838734373e+02
  -1.1028931134792094e+02
  -1.4618936909614234e+02
  -1.4626423614363790e+02
  -1.1489947188599317e+02
  -1.2490526709737188e+02
  -1.2513136465948290e+02
  -1.3999140500465361e+02
  -1.4224738194978664e+02
  -1.5082353042595085e+02
  -1.3834032859986257e+02
  -1.3431275637163549e+02
  -1.3558269952216227e+02
  -1.3666299449292913e+02
  -1.3906114845837774e+02
  -1.3990303001225737e+02
  -1.4278699736837214e+02
  -1.4132513757248870e+02
  -1.4264996657108537e+02
  -1.4253233034436937e+02
  -1.4368530204508653e+02
  -1.4402522883554170e+02
  -1.4205624295286827e+02
  -1.4295725807541751e+02
  -1.4216041084031639e+02
  -1.4269467655978613e+02
  -1.4289575168466200e+02
  -1.4260263471682734e+02
  -1.4287989793643541e+02
  -1.4187484787511178e+02
  -1.4279142400178037e+02
  -1.4231930290487509e+02
  -1.4192704152244005e+02
  -1.4197106635070273e+02
  -1.4201207327798710e+02
  -1.4260183639883223e+02
   0.0000000000000000e+00
   0.0000000000000000e+00
   0.0000000000000000e+00
   0.0000000000000000e+00
   0.0000000000000000e+00
   0.0000000000000000e+00
   0.0000000000000000e+00
   0.0000000000000000e+00
   0.0000000000000000e+00
   0.0000000000000000e+00
   0.0000000000000000e+00
   0.0000000000000000e+00
   0.0000000000000000e+00
   0.0000000000000000e+00
   0.0000000000000000e+00
   0.0000000000000000e+00
   0.0000000000000000e+00
   0.0000000000000000e+00
   0.0000000000000000e+00
   0.0000000000000000e+00
   0.0000000000000000e+00
   0.0000000000000000e+00
   0.0000000000000000e+00
   0.0000000000000000e+00
   0.0000000000000000e+00
   0.0000000000000000e+00
   0.0000000000000000e+00
   0.0000000000000000e+00
   0.0000000000000000e+00
   0.0000000000000000e+00
   0.0000000000000000e+00
   0.0000000000000000e+00
   0.0000000000000000e+00
   0.0000000000000000e+00
   0.0000000000000000e+00
   0.0000000000000000e+00
   0.0000000000000000e+00
   0.0000000000000000e+00
   0.0000000000000000e+00
   0.0000000000000000e+00
   0.0000000000000000e+00
   0.0000000000000000e+00
   0.0000000000000000e+00
   0.0000000000000000e+00
   0.0000000000000000e+00
   0.0000000000000000e+00
   0.0000000000000000e+00
   0.0000000000000000e+00
   0.0000000000000000e+00
   0.0000000000000000e+00
   0.0000000000000000e+00
   0.0000000000000000e+00
   0.0000000000000000e+00
   0.0000000000000000e+00
   0.0000000000000000e+00
   0.0000000000000000e+00
   0.0000000000000000e+00
   0.0000000000000000e+00
   0.0000000000000000e+00
   0.0000000000000000e+00
   0.0000000000000000e+00
   0.0000000000000000e+00
   0.0000000000000000e+00
   0.0000000000000000e+00
   0.0000000000000000e+00
   0.0000000000000000e+00
   0.0000000000000000e+00
   0.0000000000000000e+00
   0.0000000000000000e+00
   0.0000000000000000e+00
   0.0000000000000000e+00
   0.0000000000000000e+00
   0.0000000000000000e+00
   0.0000000000000000e+00
   0.0000000000000000e+00
   0.0000000000000000e+00
   0.0000000000000000e+00
   0.0000000000000000e+00
   0.0000000000000000e+00
   0.0000000000000000e+00
   0.0000000000000000e+00
   0.0000000000000000e+00
   0.0000000000000000e+00
   0.0000000000000000e+00
   0.0000000000000000e+00
   0.0000000000000000e+00
   0.0000000000000000e+00
   0.0000000000000000e+00
   0.0000000000000000e+00
   0.0000000000000000e+00
   0.0000000000000000e+00
   0.0000000000000000e+00
   0.0000000000000000e+00
   0.0000000000000000e+00
   0.0000000000000000e+00
   0.0000000000000000e+00
   0.0000000000000000e+00
   0.0000000000000000e+00
   0.0000000000000000e+00
   0.0000000000000000e+00
   0.0000000000000000e+00
   0.0000000000000000e+00
   0.0000000000000000e+00
   0.0000000000000000e+00
   0.0000000000000000e+00
   0.0000000000000000e+00
   0.0000000000000000e+00
   0.0000000000000000e+00
   0.0000000000000000e+00
   0.0000000000000000e+00
   0.0000000000000000e+00
   0.0000000000000000e+00
   0.0000000000000000e+00
   0.0000000000000000e+00
   0.0000000000000000e+00
   0.0000000000000000e+00
   0.0000000000000000e+00
   0.0000000000000000e+00
   0.0000000000000000e+00
   0.0000000000000000e+00
   0.0000000000000000e+00
   0.0000000000000000e+00
   0.0000000000000000e+00
   0.0000000000000000e+00
   0.0000000000000000e+00
   0.0000000000000000e+00
   0.0000000000000000e+00
   0.0000000000000000e+00
   0.0000000000000000e+00
   0.0000000000000000e+00
   0.0000000000000000e+00
   0.0000000000000000e+00
   0.0000000000000000e+00
   0.0000000000000000e+00
   0.0000000000000000e+00
   0.0000000000000000e+00
   0.0000000000000000e+00
   0.0000000000000000e+00
   0.0000000000000000e+00
   0.0000000000000000e+00
   0.0000000000000000e+00
   0.0000000000000000e+00
   0.0000000000000000e+00
   0.0000000000000000e+00
   0.0000000000000000e+00
   0.0000000000000000e+00
   0.0000000000000000e+00
   0.0000000000000000e+00
   0.0000000000000000e+00
   0.0000000000000000e+00
   0.0000000000000000e+00
   0.0000000000000000e+00
   0.0000000000000000e+00
   0.0000000000000000e+00
   0.0000000000000000e+00
   0.0000000000000000e+00
   0.0000000000000000e+00
   0.0000000000000000e+00
   0.0000000000000000e+00
   0.0000000000000000e+00
   0.0000000000000000e+00
   0.0000000000000000e+00
   0.0000000000000000e+00
   0.0000000000000000e+00
   0.0000000000000000e+00
   0.0000000000000000e+00
   0.0000000000000000e+00
   0.0000000000000000e+00
   0.0000000000000000e+00
   0.0000000000000000e+00
   0.0000000000000000e+00
   0.0000000000000000e+00
   0.0000000000000000e+00
   0.0000000000000000e+00
   0.0000000000000000e+00
   0.0000000000000000e+00
   0.0000000000000000e+00
   0.0000000000000000e+00
   0.0000000000000000e+00
   0.0000000000000000e+00
   0.0000000000000000e+00
   0.0000000000000000e+00
   0.0000000000000000e+00
   0.0000000000000000e+00
   0.0000000000000000e+00
   0.0000000000000000e+00
   0.0000000000000000e+00
   0.0000000000000000e+00
   0.0000000000000000e+00
   0.0000000000000000e+00
   0.0000000000000000e+00
   0.0000000000000000e+00
   0.0000000000000000e+00
   0.0000000000000000e+00
   0.0000000000000000e+00
   0.0000000000000000e+00
   0.0000000000000000e+00
   0.0000000000000000e+00
   0.0000000000000000e+00
   0.0000000000000000e+00
   0.0000000000000000e+00
   0.0000000000000000e+00
   0.0000000000000000e+00
   0.0000000000000000e+00
   0.0000000000000000e+00
   0.0000000000000000e+00
   0.0000000000000000e+00
   0.0000000000000000e+00
   0.0000000000000000e+00
   0.0000000000000000e+00
   0.0000000000000000e+00
   0.0000000000000000e+00
   0.0000000000000000e+00
   0.0000000000000000e+00
   0.0000000000000000e+00
   0.0000000000000000e+00
   0.0000000000000000e+00
   0.0000000000000000e+00
   0.0000000000000000e+00
   0.0000000000000000e+00
   0.0000000000000000e+00
   0.0000000000000000e+00
   0.0000000000000000e+00
   0.0000000000000000e+00
   0.0000000000000000e+00
   0.0000000000000000e+00
   0.0000000000000000e+00
   0.0000000000000000e+00
   0.0000000000000000e+00
   0.0000000000000000e+00
   0.0000000000000000e+00
   0.0000000000000000e+00
   0.0000000000000000e+00
   0.0000000000000000e+00
   0.0000000000000000e+00
   0.0000000000000000e+00
   0.0000000000000000e+00
   0.0000000000000000e+00
   0.0000000000000000e+00
   0.0000000000000000e+00
   0.0000000000000000e+00
   0.0000000000000000e+00
   0.0000000000000000e+00
   0.0000000000000000e+00
   0.0000000000000000e+00
   0.0000000000000000e+00
   0.0000000000000000e+00
   0.0000000000000000e+00
   0.0000000000000000e+00
   0.0000000000000000e+00
   0.0000000000000000e+00
   0.0000000000000000e+00
   0.0000000000000000e+00
   0.0000000000000000e+00
   0.0000000000000000e+00
   0.0000000000000000e+00
   0.0000000000000000e+00
   0.0000000000000000e+00
   0.0000000000000000e+00
   0.0000000000000000e+00
   0.0000000000000000e+00
   0.0000000000000000e+00
   0.0000000000000000e+00
   0.0000000000000000e+00
   0.0000000000000000e+00
   0.0000000000000000e+00
   0.0000000000000000e+00
   0.0000000000000000e+00
   0.0000000000000000e+00
   0.0000000000000000e+00
   0.0000000000000000e+00
   0.0000000000000000e+00
   0.0000000000000000e+00
   0.0000000000000000e+00
   0.0000000000000000e+00
   0.0000000000000000e+00
   0.0000000000000000e+00
   0.0000000000000000e+00
   0.0000000000000000e+00
   0.0000000000000000e+00
   0.0000000000000000e+00
   0.0000000000000000e+00
   0.0000000000000000e+00
   0.0000000000000000e+00
   0.0000000000000000e+00
   0.0000000000000000e+00
   0.0000000000000000e+00
   0.0000000000000000e+00
   0.0000000000000000e+00
   0.0000000000000000e+00
   0.0000000000000000e+00
   0.0000000000000000e+00
   0.0000000000000000e+00
   0.0000000000000000e+00
   0.0000000000000000e+00
   0.0000000000000000e+00
   0.0000000000000000e+00
   0.0000000000000000e+00
   0.0000000000000000e+00
   0.0000000000000000e+00
   0.0000000000000000e+00
   0.0000000000000000e+00
   0.0000000000000000e+00
   0.0000000000000000e+00
   0.0000000000000000e+00
   0.0000000000000000e+00
   0.0000000000000000e+00
   0.0000000000000000e+00
   0.0000000000000000e+00
   0.0000000000000000e+00
   0.0000000000000000e+00
   0.0000000000000000e+00
   0.0000000000000000e+00
   0.0000000000000000e+00
   0.0000000000000000e+00
   0.0000000000000000e+00
   0.0000000000000000e+00
   0.0000000000000000e+00
   0.0000000000000000e+00
   0.0000000000000000e+00
   0.0000000000000000e+00
   0.0000000000000000e+00
   0.0000000000000000e+00
   0.0000000000000000e+00
   0.0000000000000000e+00
   0.0000000000000000e+00
   0.0000000000000000e+00
   0.0000000000000000e+00
   0.0000000000000000e+00
   0.0000000000000000e+00
   0.0000000000000000e+00
   0.0000000000000000e+00
   0.0000000000000000e+00
   0.0000000000000000e+00
   0.0000000000000000e+00
   0.0000000000000000e+00
   0.0000000000000000e+00
   0.0000000000000000e+00
   0.0000000000000000e+00
   0.0000000000000000e+00
   0.0000000000000000e+00
   0.0000000000000000e+00
   0.0000000000000000e+00
   0.0000000000000000e+00
   0.0000000000000000e+00
   0.0000000000000000e+00
   0.0000000000000000e+00
   0.0000000000000000e+00
   0.0000000000000000e+00
   0.0000000000000000e+00
   0.0000000000000000e+00
   0.0000000000000000e+00
   0.0000000000000000e+00
   0.0000000000000000e+00
   0.0000000000000000e+00
   0.0000000000000000e+00
   0.0000000000000000e+00
   0.0000000000000000e+00
   0.0000000000000000e+00
   0.0000000000000000e+00
   0.0000000000000000e+00
   0.0000000000000000e+00
   0.0000000000000000e+00
   0.0000000000000000e+00
   0.0000000000000000e+00
   0.0000000000000000e+00
   0.0000000000000000e+00
   0.0000000000000000e+00
   0.0000000000000000e+00
   0.0000000000000000e+00
   0.0000000000000000e+00
   0.0000000000000000e+00
   0.0000000000000000e+00
   0.0000000000000000e+00
   0.0000000000000000e+00
   0.0000000000000000e+00
   0.0000000000000000e+00
   0.0000000000000000e+00
   0.0000000000000000e+00
   0.0000000000000000e+00
   0.0000000000000000e+00
   0.0000000000000000e+00
   0.0000000000000000e+00
   0.0000000000000000e+00
   0.0000000000000000e+00
   0.0000000000000000e+00
   0.0000000000000000e+00
   0.0000000000000000e+00
   0.0000000000000000e+00
   0.0000000000000000e+00
   0.0000000000000000e+00
   0.0000000000000000e+00
   0.0000000000000000e+00
   0.0000000000000000e+00
   0.0000000000000000e+00
   0.0000000000000000e+00
   0.0000000000000000e+00
   0.0000000000000000e+00
   0.0000000000000000e+00
   0.0000000000000000e+00
   0.0000000000000000e+00
   0.0000000000000000e+00
   0.0000000000000000e+00
   0.0000000000000000e+00
   0.0000000000000000e+00
   0.0000000000000000e+00
   0.0000000000000000e+00
   0.0000000000000000e+00
   0.0000000000000000e+00
   0.0000000000000000e+00
   0.0000000000000000e+00
   0.0000000000000000e+00
   0.0000000000000000e+00
   0.0000000000000000e+00
   0.0000000000000000e+00
   0.0000000000000000e+00
   0.0000000000000000e+00
   0.0000000000000000e+00
   0.0000000000000000e+00
   0.0000000000000000e+00
   0.0000000000000000e+00
   0.0000000000000000e+00
   0.0000000000000000e+00
   0.0000000000000000e+00
   0.0000000000000000e+00
   0.0000000000000000e+00
   0.0000000000000000e+00
   0.0000000000000000e+00
   0.0000000000000000e+00
   0.0000000000000000e+00
   0.0000000000000000e+00
   0.0000000000000000e+00
   0.0000000000000000e+00
   0.0000000000000000e+00
   0.0000000000000000e+00
   0.0000000000000000e+00
   0.0000000000000000e+00
   0.0000000000000000e+00
   0.0000000000000000e+00
   0.0000000000000000e+00
   0.0000000000000000e+00
   0.0000000000000000e+00
   0.0000000000000000e+00
   0.0000000000000000e+00
   0.0000000000000000e+00
   0.0000000000000000e+00
   0.0000000000000000e+00
   0.0000000000000000e+00
   0.0000000000000000e+00
   0.0000000000000000e+00
   0.0000000000000000e+00
   0.0000000000000000e+00
   0.0000000000000000e+00
   0.0000000000000000e+00
   0.0000000000000000e+00
   0.0000000000000000e+00
   0.0000000000000000e+00
   0.0000000000000000e+00
   0.0000000000000000e+00
   0.0000000000000000e+00
   0.0000000000000000e+00
   0.0000000000000000e+00
   0.0000000000000000e+00
   0.0000000000000000e+00
   0.0000000000000000e+00
   0.0000000000000000e+00
   0.0000000000000000e+00
   0.0000000000000000e+00
   0.0000000000000000e+00
   0.0000000000000000e+00
   0.0000000000000000e+00
   0.0000000000000000e+00
   0.0000000000000000e+00
   0.0000000000000000e+00
   0.0000000000000000e+00
   0.0000000000000000e+00
   0.0000000000000000e+00
   0.0000000000000000e+00
   0.0000000000000000e+00
   0.0000000000000000e+00
   0.0000000000000000e+00
   0.0000000000000000e+00
   0.0000000000000000e+00
   0.0000000000000000e+00
   0.0000000000000000e+00
   0.0000000000000000e+00
   0.0000000000000000e+00
   0.0000000000000000e+00
   0.0000000000000000e+00
   0.0000000000000000e+00
   0.0000000000000000e+00
   0.0000000000000000e+00
   0.0000000000000000e+00
   0.0000000000000000e+00
   0.0000000000000000e+00
   0.0000000000000000e+00
   0.0000000000000000e+00
   0.0000000000000000e+00
   0.0000000000000000e+00
   0.0000000000000000e+00
   0.0000000000000000e+00
   0.0000000000000000e+00
   0.0000000000000000e+00
   0.0000000000000000e+00
   0.0000000000000000e+00
   0.0000000000000000e+00
   0.0000000000000000e+00
   0.0000000000000000e+00
   0.0000000000000000e+00
   0.0000000000000000e+00
   0.0000000000000000e+00
   0.0000000000000000e+00
   0.0000000000000000e+00
   0.0000000000000000e+00
   0.0000000000000000e+00
   0.0000000000000000e+00
   0.0000000000000000e+00
   0.0000000000000000e+00
   0.0000000000000000e+00
   0.0000000000000000e+00
   0.0000000000000000e+00
   0.0000000000000000e+00
   0.0000000000000000e+00
   0.0000000000000000e+00
   0.0000000000000000e+00
   0.0000000000000000e+00
   0.0000000000000000e+00
   0.0000000000000000e+00
   0.0000000000000000e+00
   0.0000000000000000e+00
   0.0000000000000000e+00
   0.0000000000000000e+00
   0.0000000000000000e+00
   0.0000000000000000e+00
   0.0000000000000000e+00
   0.0000000000000000e+00
   0.0000000000000000e+00
   0.0000000000000000e+00
   0.0000000000000000e+00
   0.0000000000000000e+00
   0.0000000000000000e+00
   0.0000000000000000e+00
   0.0000000000000000e+00
   0.0000000000000000e+00
   0.0000000000000000e+00
   0.0000000000000000e+00
   0.0000000000000000e+00
   0.0000000000000000e+00
   0.0000000000000000e+00
   0.0000000000000000e+00
   0.0000000000000000e+00
   0.0000000000000000e+00
   0.0000000000000000e+00
   0.0000000000000000e+00
   0.0000000000000000e+00
   0.0000000000000000e+00
   0.0000000000000000e+00
   0.0000000000000000e+00
   0.0000000000000000e+00
   0.0000000000000000e+00
   0.0000000000000000e+00
   0.0000000000000000e+00
   0.0000000000000000e+00
   0.0000000000000000e+00
   0.0000000000000000e+00
   0.0000000000000000e+00
   0.0000000000000000e+00
   0.0000000000000000e+00
   0.0000000000000000e+00
   0.0000000000000000e+00
   0.0000000000000000e+00
   0.0000000000000000e+00
   0.0000000000000000e+00
   0.0000000000000000e+00
   0.0000000000000000e+00
   0.0000000000000000e+00
   0.0000000000000000e+00
   0.0000000000000000e+00
   0.0000000000000000e+00
   0.0000000000000000e+00
   0.0000000000000000e+00
   0.0000000000000000e+00
   0.0000000000000000e+00
   0.0000000000000000e+00
   0.0000000000000000e+00
   0.0000000000000000e+00
   0.0000000000000000e+00
   0.0000000000000000e+00
   0.0000000000000000e+00
   0.0000000000000000e+00
   0.0000000000000000e+00
   0.0000000000000000e+00
   0.0000000000000000e+00
   0.0000000000000000e+00
   0.0000000000000000e+00
   0.0000000000000000e+00
   0.0000000000000000e+00
   0.0000000000000000e+00
   0.0000000000000000e+00
   0.0000000000000000e+00
   0.0000000000000000e+00
   0.0000000000000000e+00
   0.0000000000000000e+00
   0.0000000000000000e+00
   0.0000000000000000e+00
   0.0000000000000000e+00
   0.0000000000000000e+00
   0.0000000000000000e+00
   0.0000000000000000e+00
   0.0000000000000000e+00
   0.0000000000000000e+00
   0.0000000000000000e+00
   0.0000000000000000e+00
   0.0000000000000000e+00
   0.0000000000000000e+00
   0.0000000000000000e+00
   0.0000000000000000e+00
   0.0000000000000000e+00
   0.0000000000000000e+00
   0.0000000000000000e+00
   0.0000000000000000e+00
   0.0000000000000000e+00
   0.0000000000000000e+00
   0.0000000000000000e+00
   0.0000000000000000e+00
   0.0000000000000000e+00
   0.0000000000000000e+00
   0.0000000000000000e+00
   0.0000000000000000e+00
   0.0000000000000000e+00
   0.0000000000000000e+00
   0.0000000000000000e+00
   0.0000000000000000e+00
   0.0000000000000000e+00
   0.0000000000000000e+00
   0.0000000000000000e+00
   0.0000000000000000e+00
   0.0000000000000000e+00
   0.0000000000000000e+00
   0.0000000000000000e+00
   0.0000000000000000e+00
   0.0000000000000000e+00
   0.0000000000000000e+00
   0.0000000000000000e+00
   0.0000000000000000e+00
   0.0000000000000000e+00
   0.0000000000000000e+00
   0.0000000000000000e+00
   0.0000000000000000e+00
   0.0000000000000000e+00
   0.0000000000000000e+00
   0.0000000000000000e+00
   0.0000000000000000e+00
   0.0000000000000000e+00
   0.0000000000000000e+00
   0.0000000000000000e+00
   0.0000000000000000e+00
   0.0000000000000000e+00
   0.0000000000000000e+00
   0.0000000000000000e+00
   0.0000000000000000e+00
   0.0000000000000000e+00
   0.0000000000000000e+00
   0.0000000000000000e+00
   0.0000000000000000e+00
   0.0000000000000000e+00
   0.0000000000000000e+00
   0.0000000000000000e+00
   0.0000000000000000e+00
   0.0000000000000000e+00
   0.0000000000000000e+00
   0.0000000000000000e+00
   0.0000000000000000e+00
   0.0000000000000000e+00
   0.0000000000000000e+00
   0.0000000000000000e+00
   0.0000000000000000e+00
   0.0000000000000000e+00
   0.0000000000000000e+00
   0.0000000000000000e+00
   0.0000000000000000e+00
   0.0000000000000000e+00
   0.0000000000000000e+00
   0.0000000000000000e+00
   0.0000000000000000e+00
   0.0000000000000000e+00
   0.0000000000000000e+00
   0.0000000000000000e+00
   0.0000000000000000e+00
   0.0000000000000000e+00
   0.0000000000000000e+00
   0.0000000000000000e+00
   0.0000000000000000e+00
   0.0000000000000000e+00
   0.0000000000000000e+00
   0.0000000000000000e+00
   0.0000000000000000e+00
   0.0000000000000000e+00
   0.0000000000000000e+00
   0.0000000000000000e+00
   0.0000000000000000e+00
   0.0000000000000000e+00
   0.0000000000000000e+00
   0.0000000000000000e+00
   0.0000000000000000e+00
   0.0000000000000000e+00
   0.0000000000000000e+00
   0.0000000000000000e+00
   0.0000000000000000e+00
   0.0000000000000000e+00
   0.0000000000000000e+00
   0.0000000000000000e+00
   0.0000000000000000e+00
   0.0000000000000000e+00
   0.0000000000000000e+00
   0.0000000000000000e+00
   0.0000000000000000e+00
   0.0000000000000000e+00
   0.0000000000000000e+00
   0.0000000000000000e+00
   0.0000000000000000e+00
   0.0000000000000000e+00
   0.0000000000000000e+00
   0.0000000000000000e+00
   0.0000000000000000e+00
   0.0000000000000000e+00
   0.0000000000000000e+00
   0.0000000000000000e+00
   0.0000000000000000e+00
   0.0000000000000000e+00
   0.0000000000000000e+00
   0.0000000000000000e+00
   0.0000000000000000e+00
   0.0000000000000000e+00
   0.0000000000000000e+00
   0.0000000000000000e+00
   0.0000000000000000e+00
   0.0000000000000000e+00
   0.0000000000000000e+00
   0.0000000000000000e+00
   0.0000000000000000e+00
   0.0000000000000000e+00
   0.0000000000000000e+00
   0.0000000000000000e+00
   0.0000000000000000e+00
   0.0000000000000000e+00
   0.0000000000000000e+00
   0.0000000000000000e+00
   0.0000000000000000e+00
   0.0000000000000000e+00
   0.0000000000000000e+00
   0.0000000000000000e+00
   0.0000000000000000e+00
   0.0000000000000000e+00
   0.0000000000000000e+00
   0.0000000000000000e+00
   0.0000000000000000e+00
   0.0000000000000000e+00
   0.0000000000000000e+00
   0.0000000000000000e+00
   0.0000000000000000e+00
   0.0000000000000000e+00
   0.0000000000000000e+00
   0.0000000000000000e+00
   0.0000000000000000e+00
   0.0000000000000000e+00
   0.0000000000000000e+00
   0.0000000000000000e+00
   0.0000000000000000e+00
   0.0000000000000000e+00
   0.0000000000000000e+00
   0.0000000000000000e+00
   0.0000000000000000e+00
   0.0000000000000000e+00
   0.0000000000000000e+00
   0.0000000000000000e+00
   0.0000000000000000e+00
   0.0000000000000000e+00
   0.0000000000000000e+00
   0.0000000000000000e+00
   0.0000000000000000e+00
   0.0000000000000000e+00
   0.0000000000000000e+00
   0.0000000000000000e+00
   0.0000000000000000e+00
   0.0000000000000000e+00
   0.0000000000000000e+00
   0.0000000000000000e+00
   0.0000000000000000e+00
   0.0000000000000000e+00
   0.0000000000000000e+00
   0.0000000000000000e+00
   0.0000000000000000e+00
   0.0000000000000000e+00
   0.0000000000000000e+00
   0.0000000000000000e+00
   0.0000000000000000e+00
   0.0000000000000000e+00
   0.0000000000000000e+00
   0.0000000000000000e+00
   0.0000000000000000e+00
   0.0000000000000000e+00
   0.0000000000000000e+00
   0.0000000000000000e+00
   0.0000000000000000e+00
   0.0000000000000000e+00
   0.0000000000000000e+00
   0.0000000000000000e+00
   0.0000000000000000e+00
   0.0000000000000000e+00
   0.0000000000000000e+00
   0.0000000000000000e+00
   0.0000000000000000e+00
   0.0000000000000000e+00
   0.0000000000000000e+00
   0.0000000000000000e+00
   0.0000000000000000e+00
   0.0000000000000000e+00
   0.0000000000000000e+00
   0.0000000000000000e+00
   0.0000000000000000e+00
   0.0000000000000000e+00
   0.0000000000000000e+00
   0.0000000000000000e+00
   0.0000000000000000e+00
   0.0000000000000000e+00
   0.0000000000000000e+00
   0.0000000000000000e+00
   0.0000000000000000e+00
   0.0000000000000000e+00
   0.0000000000000000e+00
   0.0000000000000000e+00
   0.0000000000000000e+00
   0.0000000000000000e+00
   0.0000000000000000e+00
   0.0000000000000000e+00
   0.0000000000000000e+00
   0.0000000000000000e+00
   0.0000000000000000e+00
   0.0000000000000000e+00
   0.0000000000000000e+00
   0.0000000000000000e+00
   0.0000000000000000e+00
   0.0000000000000000e+00
   0.0000000000000000e+00
   0.0000000000000000e+00
   0.0000000000000000e+00
   0.0000000000000000e+00
   0.0000000000000000e+00
   0.0000000000000000e+00
   0.0000000000000000e+00
   0.0000000000000000e+00
   0.0000000000000000e+00
   0.0000000000000000e+00
   0.0000000000000000e+00
   0.0000000000000000e+00
   0.0000000000000000e+00
   0.0000000000000000e+00
   0.0000000000000000e+00
   0.0000000000000000e+00
   0.0000000000000000e+00
   0.0000000000000000e+00
   0.0000000000000000e+00
   0.0000000000000000e+00
   0.0000000000000000e+00
   0.0000000000000000e+00
   0.0000000000000000e+00
   0.0000000000000000e+00
   0.0000000000000000e+00
   0.0000000000000000e+00
   0.0000000000000000e+00
   0.0000000000000000e+00
   0.0000000000000000e+00
   0.0000000000000000e+00
   0.0000000000000000e+00
   0.0000000000000000e+00
   0.0000000000000000e+00
   0.0000000000000000e+00
   0.0000000000000000e+00
   0.0000000000000000e+00
   0.0000000000000000e+00
   0.0000000000000000e+00
   0.0000000000000000e+00
   0.0000000000000000e+00
   0.0000000000000000e+00
   0.0000000000000000e+00
   0.0000000000000000e+00
   0.0000000000000000e+00
   0.0000000000000000e+00
   0.0000000000000000e+00
   0.0000000000000000e+00
   0.0000000000000000e+00
   0.0000000000000000e+00
   0.0000000000000000e+00
   0.0000000000000000e+00
   0.0000000000000000e+00
   0.0000000000000000e+00
   0.0000000000000000e+00
   0.0000000000000000e+00
   0.0000000000000000e+00
   0.0000000000000000e+00
   0.0000000000000000e+00
   0.0000000000000000e+00
   0.0000000000000000e+00
   0.0000000000000000e+00
   0.0000000000000000e+00
   0.0000000000000000e+00
   0.0000000000000000e+00
   0.0000000000000000e+00
   0.0000000000000000e+00
   0.0000000000000000e+00
   0.0000000000000000e+00
   0.0000000000000000e+00
   0.0000000000000000e+00
   0.0000000000000000e+00
   0.0000000000000000e+00
   0.0000000000000000e+00
   0.0000000000000000e+00
   0.0000000000000000e+00
   0.0000000000000000e+00
   0.0000000000000000e+00
   0.0000000000000000e+00
   0.0000000000000000e+00
   0.0000000000000000e+00
   0.0000000000000000e+00
   0.0000000000000000e+00
   0.0000000000000000e+00
   0.0000000000000000e+00
   0.0000000000000000e+00
   0.0000000000000000e+00
   0.0000000000000000e+00
   0.0000000000000000e+00
   0.0000000000000000e+00
   0.0000000000000000e+00
   0.0000000000000000e+00
   0.0000000000000000e+00
   0.0000000000000000e+00
   0.0000000000000000e+00
   0.0000000000000000e+00
   0.0000000000000000e+00
   0.0000000000000000e+00
   0.0000000000000000e+00
