0.000000000000000000e+00 1.164570193465896096e-02 4.652597683558809018e-03 8.955240518246532222e-02 1.751135857414818364e-01
1.000000000000000000e+00 8.879908758326979928e-03 3.981193822720528047e-03 7.930946519928538940e-02 1.467603345403248050e-01
2.000000000000000000e+00 5.797886655235528520e-03 3.485123455085644209e-03 4.325898959973312197e-02 1.817412259200310021e-01
3.000000000000000000e+00 4.669765644168813977e-03 3.319966432456531672e-03 4.296056083028382266e-02 1.548010857414818808e-01
4.000000000000000000e+00 3.252805633948187020e-03 3.168587893226251263e-03 3.397178480071461060e-02 1.519599759200309652e-01
5.000000000000000000e+00 3.199641164984306195e-03 3.149161183090393255e-03 2.936170660144349354e-02 1.501162259200309879e-01
6.000000000000000000e+00 3.469728612173432220e-03 3.174259543175543194e-03 3.362525724025566820e-02 1.586474759200309781e-01
7.000000000000000000e+00 3.234772080294894339e-03 3.154321307987738472e-03 2.755770068951118867e-02 1.551787259200310132e-01
8.000000000000000000e+00 3.456872256549603332e-03 3.190574522426563656e-03 3.121745079501159204e-02 1.709287259200309994e-01
9.000000000000000000e+00 3.228011738913709548e-03 3.166217462959693401e-03 3.237692493440069708e-02 1.507698357414818391e-01
1.000000000000000000e+01 3.823873376382898141e-03 3.218905087385089819e-03 3.048590894527392070e-02 1.661474759200309848e-01
1.100000000000000000e+01 4.202669338210041593e-03 3.227532676949804342e-03 3.933112430642815571e-02 1.409599759200310110e-01
1.200000000000000000e+01 5.424697199330677858e-03 3.379554775007115666e-03 5.983203383644952744e-02 1.465198357414818631e-01
1.300000000000000000e+01 5.754065175779244506e-03 3.441515218220006760e-03 5.431275724025574902e-02 1.634260857414818746e-01
1.400000000000000000e+01 7.599687640553362024e-03 3.771966814960465725e-03 6.104987430642816459e-02 1.716162259200310070e-01
1.500000000000000000e+01 9.685948790806328187e-03 4.178956256390943362e-03 8.186994943632441846e-02 2.193948357414818306e-01
1.600000000000000000e+01 1.005508487159619165e-02 4.301802069251132142e-03 8.229514837620632850e-02 2.187073357414818231e-01
1.700000000000000000e+01 1.113737032352654470e-02 4.540961305636542593e-03 8.186829852785515449e-02 1.758635857414818648e-01
1.800000000000000000e+01 1.230673723619830212e-02 4.796642780599004972e-03 9.371204852785519623e-02 1.721736234227020379e-01
1.900000000000000000e+01 1.298478454113887598e-02 4.932120655225633206e-03 1.101390910547260793e-01 1.889620485278551421e-01
2.000000000000000000e+01 1.386050589941733094e-02 5.239454899427472764e-03 1.006972246845405650e-01 2.328323357414818218e-01
2.100000000000000000e+01 1.296559698233983385e-02 4.907108509288756436e-03 9.767824894846810491e-02 1.775148238433148506e-01
2.200000000000000000e+01 1.267886127237142710e-02 4.789810936028746947e-03 8.534440164382472993e-02 1.776076483762063507e-01
2.300000000000000000e+01 1.330508800588620782e-02 4.940418703967888563e-03 9.033365518246527781e-02 1.486787259200310074e-01
2.400000000000000000e+01 1.290084892129083997e-02 4.839379395379689482e-03 8.493244943632438648e-02 1.474287259200309785e-01
2.500000000000000000e+01 1.235801170586844563e-02 4.677613439502046472e-03 7.750303480071463191e-02 1.520364517783003577e-01
2.600000000000000000e+01 1.232661687989035880e-02 4.661363567979646787e-03 7.158704852785513495e-02 1.667385857414818151e-01
2.700000000000000000e+01 1.197134996228946084e-02 4.572967257413350882e-03 7.905108574148189682e-02 2.185198357414818715e-01
2.800000000000000000e+01 1.161661289135233234e-02 4.352645011818706208e-03 8.121361445576236182e-02 1.242724759200309892e-01
2.900000000000000000e+01 1.172423121975800335e-02 4.487237457457614147e-03 6.941597468454052677e-02 1.541162259200309914e-01
3.000000000000000000e+01 1.154757392279110589e-02 4.450949473829284887e-03 8.243244943632443977e-02 1.370224759200309728e-01
3.100000000000000000e+01 1.111131495771194855e-02 4.206806188786212791e-03 6.417420660144348976e-02 1.303177017783003488e-01
3.200000000000000000e+01 1.086689698957339460e-02 4.171495465447355895e-03 6.159678480071462126e-02 1.497412259200309737e-01
3.300000000000000000e+01 1.113622312722616081e-02 4.271059856603679275e-03 7.408226791366534503e-02 1.697073357414818906e-01
3.400000000000000000e+01 1.059532840235266962e-02 4.151989063276442272e-03 6.692034105472599581e-02 1.489573357414818444e-01
3.500000000000000000e+01 1.017057115844152010e-02 3.971536119073886505e-03 6.668244943632439803e-02 1.215510857414818791e-01
3.600000000000000000e+01 9.908989426338237275e-03 3.826641089888566626e-03 6.815928480071464790e-02 1.278855226833801595e-01
3.700000000000000000e+01 9.715019894183973478e-03 3.815661387998387465e-03 5.229097468454046993e-02 1.391787259200309990e-01
3.800000000000000000e+01 9.659190268624332637e-03 3.881884252242367994e-03 5.271745079501155562e-02 1.329826483762063249e-01
3.900000000000000000e+01 9.646125811611793582e-03 3.746005457519551059e-03 5.261170660144348643e-02 1.588974759200310061e-01
4.000000000000000000e+01 9.451222606673500073e-03 3.763499514411656512e-03 5.693244943632447264e-02 1.616135857414818799e-01
4.100000000000000000e+01 9.005823857332879642e-03 3.574832500502024384e-03 5.339362430642813351e-02 1.191614517783003424e-01
4.200000000000000000e+01 9.378581977717292961e-03 3.699647510013268515e-03 7.939608473450859849e-02 1.250574285448795286e-01
4.300000000000000000e+01 8.669782760335047536e-03 3.592048646570688945e-03 4.430078383644953099e-02 1.242698357414818711e-01
4.400000000000000000e+01 8.744494949186741584e-03 3.482962837232495175e-03 7.408791699905159511e-02 1.169114517783003682e-01
4.500000000000000000e+01 8.383864433326686585e-03 3.428996694417105976e-03 6.508861445576230587e-02 1.258662259200309941e-01
4.600000000000000000e+01 8.713486712495705985e-03 3.515069716703033732e-03 7.436986445576232452e-02 1.085849759200309683e-01
4.700000000000000000e+01 8.741616438146436463e-03 3.435856172723371783e-03 6.580233473450858295e-02 1.193386785448795062e-01
4.800000000000000000e+01 7.932592516504287719e-03 3.299688057664037014e-03 5.758045660144350819e-02 1.227412259200310052e-01
4.900000000000000000e+01 8.370384868411951534e-03 3.268048450572204073e-03 5.890041699905160244e-02 1.053489517783003648e-01
5.000000000000000000e+01 7.733830594258759954e-03 3.214721576108693548e-03 4.733861445576237337e-02 1.023349759200309905e-01
5.100000000000000000e+01 7.801651641117927569e-03 3.214850411342930637e-03 8.749486445576237781e-02 1.289885857414818648e-01
5.200000000000000000e+01 7.645895589594413864e-03 3.284846921371254586e-03 4.881315164382471483e-02 1.199357733762063116e-01
5.300000000000000000e+01 7.398602423189164917e-03 3.057859689041585952e-03 4.391604199905160821e-02 1.025677017783003520e-01
5.400000000000000000e+01 7.781216932896570411e-03 3.234698929761531481e-03 5.211351791366536368e-02 1.084912259200309648e-01
5.500000000000000000e+01 8.928470734583795684e-03 3.343888267556709582e-03 7.105587953774514243e-02 1.181135857414818968e-01
5.600000000000000000e+01 8.236910824696786620e-03 3.153477016000522538e-03 6.112099456780567541e-02 8.838185092003097987e-02
5.700000000000000000e+01 6.754750889525904661e-03 2.919597865271516234e-03 4.547067493440071217e-02 9.513020177830036617e-02
5.800000000000000000e+01 6.634668862826795070e-03 2.944472083496494069e-03 3.576057443632441046e-02 1.104756009200310030e-01
5.900000000000000000e+01 7.794813110132387847e-03 3.096671416685360754e-03 4.753788540026687715e-02 1.009599759200309754e-01
6.000000000000000000e+01 7.274279620352722998e-03 2.916523556154785712e-03 4.743098601993214758e-02 8.002082677830035795e-02
6.100000000000000000e+01 6.347475859213686303e-03 2.846841686468125094e-03 5.061986445576238669e-02 9.128810092003097898e-02
6.200000000000000000e+01 6.440954539766317183e-03 2.904360632415669673e-03 3.752247592003099541e-02 1.258974759200309768e-01
6.300000000000000000e+01 6.215856139011253535e-03 2.730347423441670338e-03 3.977541699905159933e-02 8.236457677830033575e-02
6.400000000000000000e+01 6.324835223098306328e-03 2.800400680787080987e-03 4.763024707788132694e-02 9.361358574148181955e-02
6.500000000000000000e+01 6.450872307127126538e-03 2.789159019172797287e-03 5.162803480071465057e-02 8.992608574148186484e-02
6.600000000000000000e+01 6.336088179316593828e-03 2.734091225156529831e-03 3.236376052175471418e-02 7.996013389867867582e-02
6.700000000000000000e+01 7.146666564645802640e-03 2.850960318774340297e-03 4.584608160144348910e-02 9.527614768338017737e-02
6.800000000000000000e+01 5.855504078811799192e-03 2.717443419044195986e-03 3.108233574148189238e-02 1.045042107414818622e-01
6.900000000000000000e+01 7.254737088071198589e-03 2.876439111805198946e-03 7.332229199905160311e-02 1.076145767783003582e-01
7.000000000000000000e+01 7.025124335487612295e-03 2.756586166821364554e-03 4.966673945576238758e-02 9.699489768338018236e-02
7.100000000000000000e+01 5.957590825580782144e-03 2.731763012037072627e-03 3.968236445576234228e-02 1.143506009200309648e-01
7.200000000000000000e+01 5.371684793982528863e-03 2.573703957027616111e-03 3.283115980071460438e-02 8.153810092003099808e-02
7.300000000000000000e+01 5.892739852452043986e-03 2.603591842437474532e-03 4.064587207788131207e-02 9.189483574148182843e-02
7.400000000000000000e+01 5.784394641926664596e-03 2.611271259942947454e-03 3.697313552175474083e-02 8.870997592003099230e-02
7.500000000000000000e+01 5.669095779414236140e-03 2.500635847747222865e-03 2.914939907996899615e-02 7.769802268338016349e-02
7.600000000000000000e+01 5.035470931664840985e-03 2.487957280526445665e-03 3.619834730071458395e-02 9.482716342003100207e-02
7.700000000000000000e+01 5.063822074820954929e-03 2.445270104901926377e-03 2.912118188437912147e-02 8.880739768338018203e-02
7.800000000000000000e+01 6.351874497552001744e-03 2.643801072833066278e-03 5.042838829501161690e-02 9.504327324148187373e-02
7.900000000000000000e+01 4.787828719617067373e-03 2.407299865999433953e-03 2.994798945576238047e-02 8.436622592003101273e-02
8.000000000000000000e+01 5.082153349056667095e-03 2.427856552487598144e-03 2.985702223450859005e-02 7.492458518338018791e-02
8.100000000000000000e+01 4.993678402415367180e-03 2.400684415467628768e-03 2.747142695576232363e-02 7.252614768338017104e-02
8.200000000000000000e+01 4.629397814840691822e-03 2.356886070450981297e-03 2.479827901267564472e-02 7.680739768338018525e-02
8.300000000000000000e+01 4.383179115708842749e-03 2.327656459017844563e-03 2.479990980071467011e-02 7.360841342003099363e-02
8.400000000000000000e+01 4.320332701280562779e-03 2.300228878815034714e-03 1.895837207788131362e-02 7.340896018338016749e-02
8.500000000000000000e+01 4.972066007946963212e-03 2.366530133144017015e-03 3.103034535919402259e-02 7.089763389867867471e-02
8.600000000000000000e+01 4.622013676113672330e-03 2.361951959396785695e-03 3.197108160144349065e-02 8.063966342003098253e-02
8.700000000000000000e+01 4.742281191872030517e-03 2.320577891730489679e-03 3.569413540026689091e-02 6.633513389867867760e-02
8.800000000000000000e+01 4.434686269139309113e-03 2.289070277105638603e-03 2.445182579501159470e-02 7.280739768338018170e-02
8.900000000000000000e+01 4.882671537488095584e-03 2.340169577591796456e-03 3.160807579501156983e-02 7.034294639867867682e-02
9.000000000000000000e+01 4.419152922787422839e-03 2.268362741827514677e-03 2.552823681048882465e-02 6.884649104487952642e-02
9.100000000000000000e+01 6.529335778859584292e-03 2.557831550064090624e-03 5.450663540026684517e-02 8.895583518338018303e-02
9.200000000000000000e+01 9.150509320760240664e-03 3.062355347384141096e-03 8.317838829501156273e-02 9.656901329501155207e-02
9.300000000000000000e+01 8.853811913433456970e-03 2.929924616439787653e-03 6.828358160144348821e-02 9.711211604487951510e-02
9.400000000000000000e+01 4.945092678425563014e-03 2.359266906199359963e-03 4.035636181048884996e-02 8.719435092003097187e-02
9.500000000000000000e+01 4.285052667526150806e-03 2.222653385948931450e-03 2.555212207788132295e-02 6.576482139867867449e-02
9.600000000000000000e+01 4.553111187072611185e-03 2.270453312478603290e-03 3.167034105472599226e-02 7.262921074148187550e-02
9.700000000000000000e+01 4.364451028224415954e-03 2.189284371354617738e-03 2.467420660144351019e-02 6.569666187313841221e-02
9.800000000000000000e+01 4.525862577637335821e-03 2.267090696817669355e-03 2.627643680642810509e-02 8.463702324148181244e-02
9.900000000000000000e+01 4.356321498359863598e-03 2.159812117268227350e-03 2.627896768246529291e-02 6.973708518338017637e-02
1.000000000000000000e+02 4.551535289293641776e-03 2.212840052106575771e-03 2.844303018246530090e-02 6.923708518338017592e-02
1.010000000000000000e+02 4.283001857620437162e-03 2.149525558659094466e-03 2.773851791366532815e-02 6.792888389867866861e-02
1.020000000000000000e+02 4.004491608743888410e-03 2.169224882843237730e-03 2.602619943632444866e-02 6.014763389867866517e-02
1.030000000000000000e+02 4.786413134469029440e-03 2.274512503744983462e-03 3.259245079501160713e-02 7.485577324148184886e-02
1.040000000000000000e+02 4.166033865867614996e-03 2.126098624279625701e-03 2.629569790026686782e-02 6.892458518338018258e-02
1.050000000000000000e+02 6.273404787949725218e-03 2.412721628166067389e-03 4.061601040026685538e-02 7.853396018338018592e-02
1.060000000000000000e+02 3.849846544571705956e-03 2.102590800368564928e-03 1.891852607370342332e-02 6.037419639867867838e-02
1.070000000000000000e+02 3.951869987792715894e-03 2.092274055719026051e-03 2.438932579501162934e-02 6.251202324148186218e-02
1.080000000000000000e+02 3.608449250221760964e-03 2.061214600306016283e-03 2.008897230071460260e-02 5.978044639867867438e-02
1.090000000000000000e+02 3.811128637794562388e-03 2.055231258477874766e-03 2.232752143796906674e-02 6.053044639867867505e-02
1.100000000000000000e+02 4.351547030739573961e-03 2.127500871312606751e-03 2.538870006559923453e-02 7.158864768338016327e-02
1.110000000000000000e+02 3.944735912892093077e-03 2.080415623484167028e-03 2.309284535919398085e-02 6.260577324148186573e-02
1.120000000000000000e+02 4.576072712777493751e-03 2.114729661475649950e-03 2.650360175851818045e-02 6.189763389867866672e-02
1.130000000000000000e+02 4.892629591064589535e-03 2.190974599254203597e-03 4.151444790026687093e-02 7.176052268338017903e-02
1.140000000000000000e+02 3.587404673122144595e-03 2.010814562697923937e-03 2.554576152750903661e-02 6.338552268338018547e-02
1.150000000000000000e+02 4.887753688869928004e-03 2.176925169680308560e-03 3.651471805642814150e-02 6.570564704032477721e-02
1.160000000000000000e+02 3.467302070696346578e-03 1.968339144347297943e-03 1.821453925851812539e-02 5.691716514867867227e-02
1.170000000000000000e+02 4.467024735884103648e-03 2.090657068625084887e-03 3.663944790026685272e-02 7.269021018338017726e-02
1.180000000000000000e+02 3.793988822894830710e-03 1.995198989716348049e-03 2.966706180642808555e-02 5.822185264867867083e-02
1.190000000000000000e+02 3.720865424858440813e-03 2.027936937377934970e-03 2.707325717003100651e-02 7.574122592003096344e-02
1.200000000000000000e+02 3.754400140645007111e-03 1.982871212704007818e-03 2.359471157996900770e-02 5.510075889867867283e-02
1.210000000000000000e+02 4.064597882356905945e-03 1.999005884586201043e-03 2.528287393246531067e-02 6.518239768338018880e-02
1.220000000000000000e+02 3.816622322478888194e-03 2.000429335170649230e-03 2.664713829501152986e-02 6.189874199148182043e-02
1.230000000000000000e+02 3.090876500386474657e-03 1.912364772469244117e-03 1.528115081780567763e-02 5.572560092003098209e-02
1.240000000000000000e+02 3.315082525990774819e-03 1.908917175158670763e-03 2.241283320576237248e-02 5.281560264867866950e-02
1.250000000000000000e+02 3.052815427104613351e-03 1.895842400122526054e-03 2.349877070576233962e-02 5.722927268338018347e-02
1.260000000000000000e+02 3.096098739631715502e-03 1.907746840601888538e-03 1.636526074905159112e-02 6.392458518338017814e-02
1.270000000000000000e+02 3.421611023713078126e-03 1.913961200021052937e-03 2.115111445576234317e-02 6.453396018338017348e-02
1.280000000000000000e+02 3.304979899639630576e-03 1.892576791698015503e-03 2.039052581780564921e-02 5.575310264867866517e-02
1.290000000000000000e+02 3.234237617377356318e-03 1.936691592044835399e-03 2.053028842003096210e-02 7.024122592003101406e-02
1.300000000000000000e+02 3.312323244917356625e-03 1.888616576884387778e-03 2.038541954501160713e-02 6.015935264867866561e-02
1.310000000000000000e+02 3.730199660748295936e-03 1.909896319112547487e-03 2.104783657996900370e-02 4.927654014867867416e-02
1.320000000000000000e+02 3.066403858132103234e-03 1.869905547119051284e-03 2.077724456780571938e-02 5.672966514867866517e-02
1.330000000000000000e+02 3.267316670772067808e-03 1.899179473612085068e-03 1.928428480071464612e-02 5.765505393338016260e-02
1.340000000000000000e+02 3.005314645788113338e-03 1.845846315907880746e-03 2.091149707788131362e-02 5.369841514867866594e-02
1.350000000000000000e+02 3.364866177761041775e-03 1.859603095597113379e-03 1.853777467365819165e-02 5.414763389867867371e-02
1.360000000000000000e+02 4.358423886914932280e-03 1.996600906476431528e-03 3.565858160144350086e-02 6.657302268338016749e-02
1.370000000000000000e+02 3.866140081478852859e-03 1.970641507365121243e-03 2.891666954501159736e-02 6.361358574148179290e-02
1.380000000000000000e+02 3.647812722795561961e-03 1.870396210315191125e-03 2.400524707788131984e-02 5.332341514867866561e-02
1.390000000000000000e+02 3.703230627384375417e-03 1.882605358545146133e-03 2.632193643246527603e-02 5.526052268338016438e-02
1.400000000000000000e+02 3.315327338837274502e-03 1.837063457707554474e-03 1.912426611725170922e-02 5.064372764867866583e-02
1.410000000000000000e+02 5.102423024162298926e-03 2.109339948681665782e-03 4.319831180642819124e-02 5.870564704032482650e-02
1.420000000000000000e+02 2.950830334455249292e-03 1.848154389005275981e-03 1.921388217003100474e-02 6.765528842003099008e-02
1.430000000000000000e+02 3.356357297874099435e-03 1.829240138817188636e-03 2.104657050851810318e-02 5.752224143338016682e-02
1.440000000000000000e+02 3.375676301723734736e-03 1.866331112062068979e-03 2.267811285144349931e-02 5.991677268338016504e-02
1.450000000000000000e+02 3.063361233457022065e-03 1.836698590021585515e-03 1.931901329501162223e-02 5.599249199148181866e-02
1.460000000000000000e+02 3.329688754880766322e-03 1.804725010782290938e-03 2.400360175851812272e-02 5.226442893338018036e-02
1.470000000000000000e+02 2.892097429514371276e-03 1.792133367850909679e-03 1.786631605071464790e-02 5.597927268338018236e-02
1.480000000000000000e+02 2.788651395353134842e-03 1.760180996598313067e-03 1.507331410919399151e-02 5.288786827367866761e-02
1.490000000000000000e+02 3.388878436223036108e-03 1.839760283581667009e-03 2.746549767001160713e-02 5.859431891532479453e-02
1.500000000000000000e+02 2.880173787471697854e-03 1.748830639730465479e-03 1.809608160144349220e-02 5.302614768338018147e-02
1.510000000000000000e+02 3.368057357636462367e-03 1.848064228863459607e-03 2.569064516274510712e-02 5.937185080838017215e-02
1.520000000000000000e+02 2.965438950779229147e-03 1.741589669708080209e-03 1.760841204319524289e-02 5.281560264867866950e-02
1.530000000000000000e+02 3.379331926063523783e-03 1.825226054491709210e-03 1.967057579501163556e-02 5.752849327367867693e-02
1.540000000000000000e+02 3.265036790566498790e-03 1.792991841322787985e-03 2.240858160144348910e-02 5.460817893338018592e-02
1.550000000000000000e+02 2.559854025732509735e-03 1.727920607729607717e-03 1.216403430940071750e-02 4.976091514867866938e-02
1.560000000000000000e+02 2.508044691188007509e-03 1.707530407111267079e-03 1.636791133076231919e-02 5.037575705838018281e-02
1.570000000000000000e+02 2.451810171076628138e-03 1.705269630305328039e-03 1.634447383076231830e-02 5.180583702367867749e-02
1.580000000000000000e+02 2.830311779374342692e-03 1.712992854674386589e-03 1.553362230472610239e-02 4.953435264867867005e-02
1.590000000000000000e+02 2.564516542327237563e-03 1.708707700453909132e-03 1.509065256132446908e-02 5.008669455838016260e-02
1.600000000000000000e+02 2.546830383727076083e-03 1.703861834159943033e-03 2.140892695576235294e-02 5.242693077367867327e-02
1.610000000000000000e+02 2.658887886472084076e-03 1.696722697810938924e-03 1.497039863351812272e-02 5.258318077367866994e-02
1.620000000000000000e+02 2.736576162787574332e-03 1.712321267035544657e-03 1.408923145288132339e-02 4.817497764867867405e-02
1.630000000000000000e+02 3.851881990809252927e-03 1.860295812760509593e-03 2.879139410144349043e-02 6.024685080838018680e-02
1.640000000000000000e+02 4.107531564333556651e-03 1.879902966575575573e-03 3.396354454501160358e-02 5.891658454032477898e-02
1.650000000000000000e+02 2.590978282302887955e-03 1.677892177084337050e-03 1.260222779865821652e-02 4.897575889867866739e-02
1.660000000000000000e+02 2.728022637737245477e-03 1.722132659838231713e-03 2.848314570576238047e-02 4.802810080838018636e-02
1.670000000000000000e+02 3.539804427072148173e-03 1.791377125751661501e-03 2.657850347644349909e-02 5.559450705838017703e-02
1.680000000000000000e+02 2.571309418490822646e-03 1.708004806285070773e-03 1.637764072884642652e-02 4.900114952367867760e-02
1.690000000000000000e+02 2.621142316145706752e-03 1.697042689136887914e-03 1.602213829501153430e-02 4.974919639867866894e-02
1.700000000000000000e+02 2.998695567568039882e-03 1.712694938232106221e-03 2.648119258076231386e-02 5.362380393338017637e-02
1.710000000000000000e+02 2.905639177294230737e-03 1.709850611386249742e-03 2.434635704501153519e-02 5.484880577367867716e-02
1.720000000000000000e+02 2.709262048746301742e-03 1.688949444360910834e-03 1.824088829501158138e-02 4.947575889867866783e-02
1.730000000000000000e+02 3.320376923849584390e-03 1.759425270831277985e-03 2.353634828774514576e-02 5.522146018338017215e-02
1.740000000000000000e+02 2.487285865131520779e-03 1.677320081077355706e-03 1.652647230071468964e-02 4.621013389867867360e-02
1.750000000000000000e+02 2.793245932255921521e-03 1.669162011878507152e-03 1.544079395288130985e-02 4.528435264867866628e-02
1.760000000000000000e+02 2.806205200895555384e-03 1.693349795179512540e-03 2.252995079501163289e-02 4.927068077367867394e-02
1.770000000000000000e+02 2.734129482315290210e-03 1.670689593849345941e-03 1.933275508076237603e-02 5.300075705838017126e-02
1.780000000000000000e+02 2.594086562913194144e-03 1.656661973333291597e-03 1.689916133076230231e-02 4.832695979487952598e-02
1.790000000000000000e+02 2.816811984490312417e-03 1.658523996884858154e-03 2.184666470496904322e-02 4.788552268338017170e-02
1.800000000000000000e+02 3.290941069113581530e-03 1.726909940998259561e-03 2.500651329501157871e-02 5.168279014867867283e-02
1.810000000000000000e+02 2.478205504540176383e-03 1.649963266863141128e-03 1.728783320576232629e-02 5.166091330838018525e-02
1.820000000000000000e+02 2.767364596751000633e-03 1.679505289916977335e-03 1.708115980071467366e-02 4.739922541987950932e-02
1.830000000000000000e+02 2.299950396118613863e-03 1.610388526953789772e-03 1.332322720496903479e-02 4.679802452367867738e-02
1.840000000000000000e+02 2.657063969582501399e-03 1.626450019448869152e-03 1.602772222644349709e-02 4.535466514867866894e-02
1.850000000000000000e+02 2.854826029037487670e-03 1.699539510986492613e-03 2.176007011648184442e-02 6.483233574148183909e-02
1.860000000000000000e+02 2.846489587042989097e-03 1.661748794196574175e-03 1.576475355071460527e-02 4.641286643338018991e-02
1.870000000000000000e+02 2.678155439941757275e-03 1.625602881713260860e-03 1.411009883076230764e-02 4.226286827367867205e-02
1.880000000000000000e+02 2.319421767071277053e-03 1.612300627422151664e-03 1.798314570576231564e-02 4.705935080838016815e-02
1.890000000000000000e+02 2.528247987437159342e-03 1.608456374515017384e-03 1.432298945576238047e-02 4.567849143338018059e-02
1.900000000000000000e+02 2.544093544681030623e-03 1.612325924266305157e-03 1.262469550851819111e-02 4.697146018338016482e-02
1.910000000000000000e+02 2.308348140872874561e-03 1.608815877479388397e-03 1.291901723419397463e-02 4.621794639867866927e-02
1.920000000000000000e+02 2.323536237602344661e-03 1.618671657730945141e-03 1.206405348450856341e-02 5.007302268338018059e-02
1.930000000000000000e+02 4.275185107541049773e-03 1.849974338288247347e-03 3.645417118142812996e-02 5.601033454032477987e-02
1.940000000000000000e+02 3.100811342917664075e-03 1.688116416090570341e-03 2.547147915026687359e-02 5.206911643338016371e-02
1.950000000000000000e+02 2.386560730523918077e-03 1.610228947722632149e-03 1.674877070576230587e-02 4.609255393338018703e-02
1.960000000000000000e+02 2.972525936639568590e-03 1.637770009258364455e-03 1.756219550851811917e-02 4.992458518338016571e-02
1.970000000000000000e+02 2.686633598949935559e-03 1.627548520211213878e-03 1.584365081780569895e-02 4.835291187313842109e-02
1.980000000000000000e+02 2.539030883156288831e-03 1.605800537252522094e-03 1.790419769280571227e-02 4.381364952367866605e-02
1.990000000000000000e+02 2.977867603847244270e-03 1.660508545611182746e-03 2.656901329501160092e-02 4.878435264867866938e-02
2.000000000000000000e+02 2.680204191092999330e-03 1.637496010555391200e-03 2.119017695576230764e-02 5.221388217003097854e-02
2.010000000000000000e+02 2.123848850362427404e-03 1.559202831984139986e-03 1.324499982362703498e-02 4.493474327367867616e-02
2.020000000000000000e+02 2.458139326316689625e-03 1.584727287111739949e-03 1.559245079501159204e-02 4.753239952367867283e-02
2.030000000000000000e+02 3.283715345951311419e-03 1.653483866339177776e-03 2.479920660144349642e-02 4.779177268338016815e-02
2.040000000000000000e+02 2.562248328845591425e-03 1.590811484493426416e-03 1.469206017001156717e-02 4.404607139867866561e-02
2.050000000000000000e+02 2.242651346420218919e-03 1.587055287939275914e-03 1.368635568632448063e-02 4.608233574148179468e-02
2.060000000000000000e+02 2.127569851496824167e-03 1.569041617170061119e-03 1.459762805940079122e-02 4.542872592003099896e-02
2.070000000000000000e+02 2.136662524235347516e-03 1.553519573010763571e-03 1.229369258076229432e-02 4.404607139867866561e-02
2.080000000000000000e+02 2.757725772396832191e-03 1.588497943403312414e-03 1.986622454319525444e-02 4.491130577367867527e-02
2.090000000000000000e+02 2.350922138477352930e-03 1.563526427107210038e-03 1.527806758076233340e-02 4.271192904503096077e-02
2.100000000000000000e+02 2.342479042468495476e-03 1.587724258644354191e-03 1.460264417571466300e-02 4.724685080838017526e-02
2.110000000000000000e+02 2.264057912926161192e-03 1.548383770769194093e-03 1.555603706296906918e-02 4.245232139867867460e-02
2.120000000000000000e+02 2.509187749933577873e-03 1.567046974399647448e-03 1.399128285919404302e-02 4.195778830838017837e-02
2.130000000000000000e+02 2.480904550979432140e-03 1.558073611089155286e-03 1.513250800851817512e-02 3.984450705838016304e-02
2.140000000000000000e+02 1.994086269909896899e-03 1.541858688959664610e-03 1.047854199905162709e-02 4.467888389867867571e-02
2.150000000000000000e+02 1.977269817109524389e-03 1.529320604030714797e-03 1.038972035919405457e-02 4.482130404503098520e-02
2.160000000000000000e+02 2.431783988747201596e-03 1.569837955108693015e-03 1.908671352526686293e-02 4.477442904503098342e-02
2.170000000000000000e+02 2.262753924626913389e-03 1.526782094764726630e-03 1.148592848450857851e-02 4.345388205838018880e-02
2.180000000000000000e+02 2.408893951058300315e-03 1.583458900872519856e-03 1.890924930642812196e-02 4.396514824148189948e-02
2.190000000000000000e+02 2.207438567799886037e-03 1.531199576772000618e-03 1.242034105472600292e-02 4.003630577367867094e-02
2.200000000000000000e+02 2.583859354664137017e-03 1.552427228413917008e-03 1.876634883076233606e-02 3.992067893338016593e-02
2.210000000000000000e+02 2.361299489892723907e-03 1.535040577440505670e-03 1.328419329319524556e-02 4.552263389867866605e-02
2.220000000000000000e+02 2.833398046948906561e-03 1.575769810021803406e-03 1.968006597644350597e-02 4.549685080838017370e-02
2.230000000000000000e+02 2.264570072036667034e-03 1.558350433045111068e-03 1.573319790026689313e-02 4.631671074148180356e-02
2.240000000000000000e+02 2.364857345800877239e-03 1.556414075825220556e-03 1.610026329501157427e-02 4.531950889867866761e-02
2.250000000000000000e+02 2.309173137667986687e-03 1.522524467043797226e-03 1.397541818632441757e-02 3.991716514867867105e-02
2.260000000000000000e+02 3.077088400661964068e-03 1.622162362034255999e-03 3.203815555642819390e-02 4.214177452367867671e-02
2.270000000000000000e+02 3.113301992404363724e-03 1.633414988629379450e-03 2.299491665026687226e-02 4.980938166987952664e-02
2.280000000000000000e+02 1.954236194410676614e-03 1.509830237959390890e-03 1.086951910144348665e-02 4.019952324148179379e-02
2.290000000000000000e+02 2.700388940670410669e-03 1.577484193009499533e-03 2.502421352526684739e-02 4.495192893338018081e-02
2.300000000000000000e+02 2.550241237328419036e-03 1.574330288790319653e-03 2.147382786987003800e-02 4.945997592003098520e-02
2.310000000000000000e+02 5.432871147486226932e-03 1.964204731196887103e-03 5.481159305642813173e-02 6.166706180642811397e-02
2.320000000000000000e+02 3.313911061217463070e-03 1.633398949075172283e-03 2.433684444357187004e-02 4.568630393338016238e-02
2.330000000000000000e+02 2.181541068471997986e-03 1.509364032656383475e-03 1.187625394637729925e-02 4.191716514867867283e-02
2.340000000000000000e+02 2.291660631782323557e-03 1.525613056102138225e-03 1.894218227526689446e-02 3.924294455838017726e-02
2.350000000000000000e+02 2.823497219141014262e-03 1.586492428755930609e-03 1.994444105071468964e-02 4.505017749813841621e-02
2.360000000000000000e+02 2.160851366723153671e-03 1.501648363572112045e-03 1.335447720496901747e-02 4.050700889867867027e-02
2.370000000000000000e+02 2.822925618201214178e-03 1.601007195029542640e-03 2.441862267001160269e-02 4.837139824148184442e-02
2.380000000000000000e+02 2.719458366924143965e-03 1.538441589252173298e-03 1.968431758076238935e-02 4.659841330838018769e-02
2.390000000000000000e+02 2.438601074808005587e-03 1.514684509523157472e-03 1.685447720496902058e-02 3.950505577367867394e-02
2.400000000000000000e+02 2.575405326597817162e-03 1.548164339810896529e-03 2.182890102526685583e-02 4.182888205838017348e-02
2.410000000000000000e+02 2.240469617028549923e-03 1.487489123553083605e-03 1.392097035919404036e-02 4.156911643338018214e-02
2.420000000000000000e+02 2.881336611998807935e-03 1.549826887664008728e-03 2.257518032996902457e-02 4.307732139867867516e-02
2.430000000000000000e+02 2.124599310696546634e-03 1.522181168004281115e-03 1.476440575774828901e-02 4.410060092003098564e-02
2.440000000000000000e+02 2.176935609922161455e-03 1.521994349660203607e-03 1.785459730071459195e-02 4.531349154503100385e-02
2.450000000000000000e+02 2.283742247286434882e-03 1.508311309736900434e-03 1.568431758076238580e-02 4.279997764867866927e-02
2.460000000000000000e+02 3.167327418167844699e-03 1.628564391976531625e-03 2.875468227526689624e-02 4.848377124813840755e-02
2.470000000000000000e+02 2.768243607991026107e-03 1.517516706440376903e-03 1.859700164493216512e-02 3.702849327367867260e-02
2.480000000000000000e+02 2.538388100300825734e-03 1.516017210962780160e-03 1.587634082788130785e-02 3.850114952367866827e-02
2.490000000000000000e+02 2.910002353078785034e-03 1.587831622509988921e-03 2.306354618142814061e-02 4.754132011648182221e-02
2.500000000000000000e+02 2.896925892333274393e-03 1.607249284936217246e-03 2.598319790026687448e-02 5.154786654503096255e-02
2.510000000000000000e+02 2.608506581885940059e-03 1.541719538442891824e-03 1.830197328774513243e-02 4.306325705838018325e-02
2.520000000000000000e+02 2.988537210383350375e-03 1.532823442303820087e-03 2.752442766819523934e-02 3.533533374813840888e-02
2.530000000000000000e+02 2.256769240422521784e-03 1.477873399001199475e-03 1.524870079501161602e-02 3.916521202367867494e-02
2.540000000000000000e+02 2.270835192919395430e-03 1.493030719446853880e-03 1.718034142001156894e-02 4.099529014867867027e-02
2.550000000000000000e+02 2.081311815703923863e-03 1.482650993521814368e-03 1.989557743142811308e-02 4.161385016532481718e-02
2.560000000000000000e+02 2.230173609831742187e-03 1.466811274586533789e-03 1.511492988351814670e-02 3.452458702367866561e-02
2.570000000000000000e+02 2.492997202810369461e-03 1.513861799862153534e-03 1.646366665026688381e-02 4.491091330838017925e-02
2.580000000000000000e+02 2.026122925790978593e-03 1.453643202780991990e-03 1.251830195576231208e-02 3.748903830838018481e-02
2.590000000000000000e+02 2.837192258853944455e-03 1.524514198632479639e-03 2.160078890252398187e-02 3.917693077367867538e-02
2.600000000000000000e+02 2.107650321878152579e-03 1.498528338513719716e-03 1.241046074148188794e-02 4.927052279503096877e-02
2.610000000000000000e+02 2.284875470007159508e-03 1.502910597261242947e-03 2.138661956780563145e-02 3.881085136648187994e-02
2.620000000000000000e+02 2.405183694286976408e-03 1.482860797838603251e-03 1.519011842365819431e-02 3.791325889867867838e-02
2.630000000000000000e+02 2.176096301767533030e-03 1.463044566782667390e-03 1.324713993142812019e-02 4.203630577367867271e-02
2.640000000000000000e+02 2.659210595659959250e-03 1.517914500339759406e-03 2.058401256559927450e-02 3.974685080838016860e-02
2.650000000000000000e+02 2.065242824963670846e-03 1.469473530788519694e-03 1.521159142001160536e-02 3.992302452367867127e-02
2.660000000000000000e+02 1.844080500673707466e-03 1.456505040105512960e-03 1.186792138274828101e-02 3.718669639867867860e-02
2.670000000000000000e+02 1.928240644033657036e-03 1.456277152051003044e-03 1.196366665026687981e-02 3.716872580838018192e-02
2.680000000000000000e+02 2.327551575235861300e-03 1.464950753217353092e-03 1.490300904865821119e-02 4.430153830838018392e-02
2.690000000000000000e+02 3.026635488580642266e-03 1.518833060201842675e-03 1.970020891819523889e-02 3.884294639867867660e-02
2.700000000000000000e+02 2.218664871896932657e-03 1.447219192381284103e-03 1.477673145288130319e-02 3.661833702367867094e-02
2.710000000000000000e+02 2.060186582204788595e-03 1.470657549517336796e-03 1.411405727526687803e-02 4.298536654503098964e-02
2.720000000000000000e+02 1.948739477532112491e-03 1.440436573348119866e-03 1.051634883076235649e-02 3.579396029503101317e-02
2.730000000000000000e+02 1.987015669087069565e-03 1.433784985095518409e-03 9.066109155609292092e-03 3.305193077367866994e-02
2.740000000000000000e+02 3.354642775345653694e-03 1.611469316271782123e-03 2.899335911987002690e-02 4.646367854487951088e-02
2.750000000000000000e+02 1.968007847881456801e-03 1.440297852492010682e-03 1.178563552175471152e-02 3.836052452367867682e-02
2.760000000000000000e+02 2.431920667778034867e-03 1.476060574516905146e-03 1.574215930940070507e-02 3.548357139867866494e-02
2.770000000000000000e+02 2.119569443434981409e-03 1.450536204583825674e-03 1.309479618142816992e-02 3.648357139867866583e-02
2.780000000000000000e+02 2.049930833035327939e-03 1.454372008878902171e-03 1.530967542571459727e-02 3.681130393338016837e-02
2.790000000000000000e+02 2.156751030556354042e-03 1.441572352549956798e-03 1.275360915560927455e-02 3.964528830838018325e-02
2.800000000000000000e+02 2.733483740554870124e-03 1.483997797463183516e-03 2.221453925851812894e-02 4.019216330838018547e-02
2.810000000000000000e+02 2.043524464899275882e-03 1.425191765355101258e-03 1.198308717365820231e-02 3.909685264867866772e-02
2.820000000000000000e+02 2.022572190944733374e-03 1.460061840578581044e-03 1.224647041971621553e-02 4.197296074148182399e-02
2.830000000000000000e+02 2.813643692668822693e-03 1.533621333386593491e-03 2.130701910144350286e-02 4.628203791987953175e-02
2.840000000000000000e+02 1.990911711475167999e-03 1.413994570697945296e-03 1.317122039493215380e-02 3.332341514867867560e-02
2.850000000000000000e+02 2.261577201064656536e-03 1.472275491567952245e-03 1.640690392001153963e-02 4.744757011648181866e-02
2.860000000000000000e+02 2.208438398407257773e-03 1.440017089516200909e-03 1.505925904865820786e-02 3.749529014867866716e-02
2.870000000000000000e+02 2.447726423230649206e-03 1.458338870611880543e-03 1.490868239675474660e-02 3.245921087620629031e-02
2.880000000000000000e+02 2.189582844529300038e-03 1.432067029226303861e-03 1.271131597644351019e-02 3.686599143338017970e-02
2.890000000000000000e+02 2.021736426425152239e-03 1.426237768974109553e-03 1.688709722644349265e-02 3.963702324148188350e-02
2.900000000000000000e+02 1.887304912434736729e-03 1.437100936615317388e-03 1.138554165026689491e-02 3.847950717003101317e-02
2.910000000000000000e+02 2.063482768291453624e-03 1.421264577893505826e-03 1.474801868440078767e-02 4.037029014867866972e-02
2.920000000000000000e+02 2.063197802843778558e-03 1.423269447997085185e-03 1.450037847644350397e-02 3.643689624813842287e-02
2.930000000000000000e+02 1.954877501252440860e-03 1.420719700466422470e-03 1.038631910950860160e-02 4.044216330838018569e-02
2.940000000000000000e+02 2.189381459098327723e-03 1.435752131926479281e-03 1.472169329319525377e-02 3.597575889867866972e-02
2.950000000000000000e+02 1.801812006435708378e-03 1.419502054956835744e-03 1.182495263274829789e-02 3.469841514867867682e-02
2.960000000000000000e+02 2.070752411927430890e-03 1.429849336903355871e-03 1.262147222644349753e-02 3.994255577367866739e-02
2.970000000000000000e+02 2.166172991722907851e-03 1.411188358148740768e-03 1.558464967365819076e-02 3.869060264867867083e-02
2.980000000000000000e+02 2.210626257297045906e-03 1.458289208449542115e-03 2.017487430642816992e-02 4.431475761648184797e-02
2.990000000000000000e+02 2.066102066612910716e-03 1.423977080970109405e-03 1.551111518796904898e-02 3.482444525120631518e-02
3.000000000000000000e+02 2.027632676833198127e-03 1.407561425093351460e-03 1.218983160144349043e-02 3.545974143338018192e-02
3.010000000000000000e+02 2.734046128354476746e-03 1.497556812891118064e-03 1.939686285144348599e-02 4.328200705838017304e-02
3.020000000000000000e+02 2.069260756737478085e-03 1.419389795949140649e-03 1.327186285144349442e-02 3.654177268338018592e-02
3.030000000000000000e+02 2.334913172559280325e-03 1.445258183664345063e-03 1.578190392001155296e-02 4.093382025120628764e-02
3.040000000000000000e+02 1.975205238462932836e-03 1.407093380631445735e-03 1.314143381132448773e-02 3.509060080838016793e-02
3.050000000000000000e+02 1.910184021253019627e-03 1.409187742509620958e-03 9.979239455762289879e-03 3.596208702367867382e-02
3.060000000000000000e+02 1.996169287039088573e-03 1.408891084652789559e-03 1.121367050705152080e-02 3.820192893338017481e-02
3.070000000000000000e+02 1.939743460030836841e-03 1.411377547817440833e-03 1.249336702752396056e-02 3.979396029503096122e-02
3.080000000000000000e+02 2.311125321911451733e-03 1.413323994924079504e-03 1.573407050851816091e-02 3.511403830838016882e-02
3.090000000000000000e+02 2.355147788446524358e-03 1.467242115171987511e-03 1.961979454501161513e-02 4.581892829032480075e-02
3.100000000000000000e+02 2.069961875282126662e-03 1.398161887916199745e-03 1.449513079319525444e-02 3.613552268338018902e-02
3.110000000000000000e+02 2.279669581970828959e-03 1.444990875910039975e-03 2.155936977526684561e-02 4.088416187313839711e-02
3.120000000000000000e+02 1.879389601599634665e-03 1.415964287131857161e-03 1.133115980071464080e-02 4.398858574148178935e-02
3.130000000000000000e+02 3.386465588643068712e-03 1.577062356453237755e-03 2.866315555642817703e-02 4.272322516532478520e-02
3.140000000000000000e+02 2.644340813710075681e-03 1.478701569189733991e-03 2.516053472644350086e-02 4.578396018338018458e-02
3.150000000000000000e+02 2.756338184362881836e-03 1.446931665604763188e-03 2.089881597644349664e-02 3.346169455838018947e-02
3.160000000000000000e+02 2.062249260059290882e-03 1.394041677363203882e-03 1.346166133076232008e-02 3.995216342003099497e-02
3.170000000000000000e+02 2.131354854351255341e-03 1.425016100318244033e-03 1.570182579501155917e-02 4.157869391532481584e-02
3.180000000000000000e+02 1.713811616831520087e-03 1.391445052005477667e-03 1.060655042571467810e-02 3.858811712620624501e-02
3.190000000000000000e+02 2.470484569556237464e-03 1.455459223347585094e-03 1.860780035144349309e-02 4.017322437313841643e-02
3.200000000000000000e+02 2.287037899733031579e-03 1.433327931636316135e-03 1.536595820576236449e-02 3.892849143338017459e-02
3.210000000000000000e+02 2.081586769750174912e-03 1.418551337414360441e-03 1.918229454501163556e-02 3.912335136648181777e-02
3.220000000000000000e+02 2.323145445532945157e-03 1.413985911641078147e-03 1.554206410919400927e-02 3.703572516532477321e-02
3.230000000000000000e+02 2.270664926934427581e-03 1.406493203714391472e-03 1.552399482370342421e-02 3.472966514867867338e-02
3.240000000000000000e+02 2.640309986387768312e-03 1.437245122415546639e-03 2.003748785144349176e-02 3.115060015159577811e-02
3.250000000000000000e+02 1.962868689165165031e-03 1.384977602766611490e-03 1.735655042571460083e-02 3.414724143338018769e-02
3.260000000000000000e+02 2.274204177752464813e-03 1.422473989476741264e-03 2.195768517001162046e-02 3.694450889867867405e-02
3.270000000000000000e+02 1.896802005847069090e-03 1.387264767323646278e-03 1.094150517822828350e-02 4.002028830838016971e-02
3.280000000000000000e+02 1.950618330528777625e-03 1.391450702179964803e-03 1.552350942169400394e-02 3.596485873253096877e-02
3.290000000000000000e+02 1.773557230929936022e-03 1.371286276281452566e-03 1.207967848450858250e-02 3.883038261648186218e-02
3.300000000000000000e+02 2.195347121723815326e-03 1.384595449510218727e-03 1.538807378894349598e-02 3.389040549588018258e-02
3.310000000000000000e+02 1.711678625436134638e-03 1.369380946797562996e-03 1.175456017001152986e-02 3.853155449148182310e-02
3.320000000000000000e+02 1.853698737307763215e-03 1.366117182504574630e-03 1.135033320576228633e-02 3.180056174588016815e-02
3.330000000000000000e+02 1.936238484261102420e-03 1.358445029983890162e-03 1.174220110569523801e-02 3.399821983617867804e-02
3.340000000000000000e+02 1.688237926438129104e-03 1.361704537647464349e-03 9.272566050714581287e-03 3.685667181370633205e-02
3.350000000000000000e+02 1.782014693012731136e-03 1.350536627420248405e-03 1.016380976826236626e-02 3.627946983617867660e-02
3.360000000000000000e+02 1.994098729893738903e-03 1.376887458772309671e-03 1.531120079501158138e-02 3.889372764867866927e-02
3.370000000000000000e+02 2.357789557940463687e-03 1.409390916360089320e-03 1.812440191394348865e-02 3.643728049588018658e-02
3.380000000000000000e+02 1.984130481442442084e-03 1.365472718667915062e-03 1.289713829501160092e-02 3.690251671117866783e-02
3.390000000000000000e+02 2.116885717787232203e-03 1.368768811033054976e-03 1.393360735569526554e-02 3.338298546117866861e-02
3.400000000000000000e+02 1.659547921317124737e-03 1.364941721321363041e-03 8.907950393262309419e-03 4.117315605398186307e-02
3.410000000000000000e+02 2.190654137111488608e-03 1.383716244848700889e-03 1.453717899392814594e-02 3.550798546117867049e-02
3.420000000000000000e+02 1.700145541210764267e-03 1.367905962943389295e-03 9.431317982511622233e-03 3.857130404503100740e-02
3.430000000000000000e+02 1.808097524360887656e-03 1.377273203252754510e-03 1.253358160144349420e-02 4.166310092003100429e-02
3.440000000000000000e+02 1.644393534546537096e-03 1.339140971982829892e-03 8.279044143262304090e-03 3.651954623253100829e-02
3.450000000000000000e+02 1.886460043194949313e-03 1.372663094108897636e-03 1.261894008776687226e-02 3.756349154503096921e-02
3.460000000000000000e+02 1.799354710274692114e-03 1.353250620202425076e-03 9.912122980695242669e-03 3.557009299588018147e-02
3.470000000000000000e+02 2.030714581959913289e-03 1.358132256547589555e-03 1.090352327752397432e-02 3.517986046117867194e-02
3.480000000000000000e+02 1.923248150694160507e-03 1.349462801137202425e-03 1.390724016819525066e-02 3.119373218563839534e-02
3.490000000000000000e+02 1.825281691142544883e-03 1.351123227361064084e-03 1.253971642001161513e-02 3.371892296117867671e-02
3.500000000000000000e+02 1.651185784147338534e-03 1.342168283192297657e-03 9.580801955762385802e-03 3.344548546117867560e-02
3.510000000000000000e+02 1.672847859281292046e-03 1.350526297775091807e-03 8.595861443072061459e-03 3.349249199148185419e-02
3.520000000000000000e+02 2.342440551862114487e-03 1.419271712951113238e-03 2.019889610751157694e-02 3.894060264867867105e-02
3.530000000000000000e+02 1.886151778511756553e-03 1.350962132182672399e-03 1.218104253894350397e-02 3.715993674588016771e-02
3.540000000000000000e+02 2.473456345282531912e-03 1.391567992401327369e-03 1.543033486996525649e-02 3.584450705838018725e-02
3.550000000000000000e+02 2.012496523078122386e-03 1.372953883103048478e-03 1.525267695576237870e-02 3.932911654503096210e-02
