ARMA_MAT_TXT_FN008
1000 1
  -2.3621625718347173e+02
  -2.3295630549269666e+02
  -2.3484213129644860e+02
  -2.3423280309500146e+02
  -2.3324530174061150e+02
  -2.3229423086054197e+02
  -2.3329972210230497e+02
  -2.3321925313242176e+02
  -2.3141788841173141e+02
  -2.3164577483654480e+02
  -2.3054726132010154e+02
  -2.3076958716278330e+02
  -2.2995026163696636e+02
  -2.3012004553684218e+02
  -2.2846929786423317e+02
  -2.2828102141682808e+02
  -2.2710735905574208e+02
  -2.2901728121067293e+02
  -2.2771346380003769e+02
  -2.2664193336940588e+02
  -2.2667112456763616e+02
  -2.2560534989762692e+02
  -2.2696293428135490e+02
  -2.2421117839894373e+02
  -2.2529616483483437e+02
  -2.2336836184673808e+02
  -2.2539355398784730e+02
  -2.2269637164608392e+02
  -2.2302979459347523e+02
  -2.2374552427035894e+02
  -2.2155793623445720e+02
  -2.2280390209589925e+02
  -2.2099032987391459e+02
  -2.2055097786918566e+02
  -2.2091375778361004e+02
  -2.2066437282928007e+02
  -2.1966612781232229e+02
  -2.1944003652835966e+02
  -2.1896323329274506e+02
  -2.1706584534014911e+02
  -2.1800820118538823e+02
  -2.1860957899398193e+02
  -2.1701252578811017e+02
  -2.1592149525478209e+02
  -2.1683713763157337e+02
  -2.1519028636716413e+02
  -2.1631939457582263e+02
  -2.1611644133039891e+02
  -2.1558699907638666e+02
  -2.1426486002979692e+02
  -2.1359954894676827e+02
  -2.1309401248057279e+02
  -2.1222898243283518e+02
  -2.1236632505861468e+02
  -2.1357300943081108e+02
  -2.1230487953515021e+02
  -2.1270629415521859e+02
  -2.1040691917421503e+02
  -2.1269721343525333e+02
  -2.1133494052398100e+02
  -2.1133352637449397e+02
  -2.0984102816393624e+02
  -2.1022803767970419e+02
  -2.1003189932713570e+02
  -2.0779021720697202e+02
  -2.0845668961172049e+02
  -2.0959400609974080e+02
  -2.0670255696552033e+02
  -2.0625561721528558e+02
  -2.0752844600449421e+02
  -2.0673906253059744e+02
  -2.0778675965018044e+02
  -2.0714590984000796e+02
  -2.0569143806504994e+02
  -2.0507806607573454e+02
  -2.0608408894212684e+02
  -2.0332728267176336e+02
  -2.0571168829361349e+02
  -2.0275467790925842e+02
  -2.0314141151254765e+02
  -2.0309997641969983e+02
  -2.0459294647903729e+02
  -2.0387854546481975e+02
  -2.0322934541539735e+02
  -2.0017804148749306e+02
  -2.0205955220483261e+02
  -2.0237575691557328e+02
  -2.0079618996110818e+02
  -2.0138734202293821e+02
  -1.9969409584805931e+02
  -2.0088491948523841e+02
  -2.0157753302016098e+02
  -1.9929893236546681e+02
  -1.9915774272990996e+02
  -1.9863412758376842e+02
  -1.9953936361711212e+02
  -1.9880034301557208e+02
  -1.9844769613715545e+02
  -1.9748562101390579e+02
  -1.9824264105596964e+02
  -1.9658355076349170e+02
  -1.9704804989767746e+02
  -1.9780193680900214e+02
  -1.9539701342060329e+02
  -1.9590488629776917e+02
  -1.9725810386927566e+02
  -1.9531974920049171e+02
  -1.9659195327811466e+02
  -1.9479872247543670e+02
  -1.9414535860070754e+02
  -1.9477718170939966e+02
  -1.9514202737476057e+02
  -1.9274303764512848e+02
  -1.9354662477408624e+02
  -1.9314427309341824e+02
  -1.9221533769488806e+02
  -1.9394680208075235e+02
  -1.9162007944705087e+02
  -1.9318139781272862e+02
  -1.9194520448764291e+02
  -1.9095717909404377e+02
  -1.9160181028723846e+02
  -1.9170181678515817e+02
  -1.9036997554282829e+02
  -1.9047674071127125e+02
  -1.9024842981799731e+02
  -1.9019885401981810e+02
  -1.8994694319628067e+02
  -1.9052493613121547e+02
  -1.8965356547688577e+02
  -1.8947305659447986e+02
  -1.8867014685869322e+02
  -1.8881050835159917e+02
  -1.8879754212789354e+02
  -1.9012173232654851e+02
  -1.8767427310685198e+02
  -1.8871296591685467e+02
  -1.8547108082740712e+02
  -1.8760586229096924e+02
  -1.8633155589535190e+02
  -1.8644714705056609e+02
  -1.8491224747480379e+02
  -1.8653956031508869e+02
  -1.8687142551286530e+02
  -1.8575305417959990e+02
  -1.8481717509154424e+02
  -1.8672242156801599e+02
  -1.8522142820698926e+02
  -1.8458140738069378e+02
  -1.8263875231990735e+02
  -1.8486578240432104e+02
  -1.8490133551305263e+02
  -1.8399416522528051e+02
  -1.8423278959831850e+02
  -1.8285954739490231e+02
  -1.8390891474867348e+02
  -1.8153881308881154e+02
  -1.8199102883554366e+02
  -1.8196413496391315e+02
  -1.8249686325179852e+02
  -1.8268085100653781e+02
  -1.8064727428304326e+02
  -1.8197469603656219e+02
  -1.8072325658829826e+02
  -1.8092666417287148e+02
  -1.7998715262452876e+02
  -1.7953936497293853e+02
  -1.8029596740731412e+02
  -1.7932019766301713e+02
  -1.8039536356229695e+02
  -1.8016267807178389e+02
  -1.7812052983263990e+02
  -1.7884492616690687e+02
  -1.7841019998320192e+02
  -1.7864431370301759e+02
  -1.7691279043013580e+02
  -1.7785104183308641e+02
  -1.7819565834375578e+02
  -1.7750767145901847e+02
  -1.7828550125310076e+02
  -1.7780723166696572e+02
  -1.7645740507224150e+02
  -1.7675278025184630e+02
  -1.7746204841490331e+02
  -1.7577236818812167e+02
  -1.7580459355485735e+02
  -1.7566418391988466e+02
  -1.7570181493212650e+02
  -1.7506802476836867e+02
  -1.7503126922617997e+02
  -1.7489225206353831e+02
  -1.7383230517526658e+02
  -1.7360737575362666e+02
  -1.7457995326077798e+02
  -1.7382639660718502e+02
  -1.7455001107601746e+02
  -1.7385469384914654e+02
  -1.7314122819969526e+02
  -1.7350081413406534e+02
  -1.7200957980921916e+02
  -1.7235019725297110e+02
  -1.7225823623169077e+02
  -1.7195316226005789e+02
  -1.7171935215131532e+02
  -1.7203892294555214e+02
  -1.7264107682544540e+02
  -1.7150246287685761e+02
  -1.7107554336597434e+02
  -1.7066884026034904e+02
  -1.7159291620141161e+02
  -1.7032953726418907e+02
  -1.6967866171050471e+02
  -1.6869021187765506e+02
  -1.6907817845252521e+02
  -1.6957787241805377e+02
  -1.6866134118860572e+02
  -1.7141145330165412e+02
  -1.6993678305786040e+02
  -1.6809056949426508e+02
  -1.6892119256415188e+02
  -1.6884169017058338e+02
  -1.6800357144107190e+02
  -1.6907646675697080e+02
  -1.6805804783819502e+02
  -1.6909745665137808e+02
  -1.6747754729362433e+02
  -1.6848076145826630e+02
  -1.6766396176389799e+02
  -1.6736789037945471e+02
  -1.6839317957726655e+02
  -1.6661508787852500e+02
  -1.6675529438095822e+02
  -1.6536905148525315e+02
  -1.6511335308453269e+02
  -1.6577995553932789e+02
  -1.6490536926607771e+02
  -1.6598740938855758e+02
  -1.6629431877689009e+02
  -1.6685333366731047e+02
  -1.6495782818934819e+02
  -1.6456019634146466e+02
  -1.6439767636750338e+02
  -1.6487443235050145e+02
  -1.6491118400265555e+02
  -1.6367848752934577e+02
  -1.6513378741815447e+02
  -1.6385873309848478e+02
  -1.6433192890825447e+02
  -1.6384047309483600e+02
  -1.6322617276288724e+02
  -1.6332772866476242e+02
  -1.6232314538794046e+02
  -1.6237243356874026e+02
  -1.6264181083767721e+02
  -1.6263114468031952e+02
  -1.6215401640351939e+02
  -1.6189399024188350e+02
  -1.6246518308133213e+02
  -1.6287667476486587e+02
  -1.6218296344898766e+02
  -1.6181637630555349e+02
  -1.6086340708589057e+02
  -1.6300418071262703e+02
  -1.6044437323170280e+02
  -1.6005575621042951e+02
  -1.5968272654903097e+02
  -1.5978125785118769e+02
  -1.5994282101638450e+02
  -1.6058602600736319e+02
  -1.5913121039167203e+02
  -1.5929366452356774e+02
  -1.5930836699132342e+02
  -1.5963440993724760e+02
  -1.5903278261014617e+02
  -1.5982520979511636e+02
  -1.5890650712950651e+02
  -1.5903785605532707e+02
  -1.5972010028237437e+02
  -1.5912235293667644e+02
  -1.5844795508215842e+02
  -1.5873925977724181e+02
  -1.5837123142369816e+02
  -1.5767242164929854e+02
  -1.5859657090976469e+02
  -1.5726633411630453e+02
  -1.5863569243391476e+02
  -1.5742069174118481e+02
  -1.5824623980361108e+02
  -1.5849130922351691e+02
  -1.5656887033574012e+02
  -1.5767851156469453e+02
  -1.5693039929557386e+02
  -1.5681120010340334e+02
  -1.5606173585464279e+02
  -1.5635309139545598e+02
  -1.5613438201691088e+02
  -1.5626610719654650e+02
  -1.5496701461443405e+02
  -1.5648090392633628e+02
  -1.5395755094127787e+02
  -1.5411763875018283e+02
  -1.5593849085870690e+02
  -1.5452267188374557e+02
  -1.5468702678936282e+02
  -1.5483572513967641e+02
  -1.5475606692327813e+02
  -1.5378361218383554e+02
  -1.5450765527703564e+02
  -1.5383865626791260e+02
  -1.5396879380677370e+02
  -1.5412368689081049e+02
  -1.5278950313521545e+02
  -1.5464048322472840e+02
  -1.5256909350612889e+02
  -1.5280559608295465e+02
  -1.5408812329137857e+02
  -1.5371545967567610e+02
  -1.5231017515124501e+02
  -1.5282482585069616e+02
  -1.5233014475705107e+02
  -1.5404834516140713e+02
  -1.5231084681770244e+02
  -1.5161957314016590e+02
  -1.5156490688659878e+02
  -1.5170527706276908e+02
  -1.5155531231959534e+02
  -1.5150623914503620e+02
  -1.5114032122388232e+02
  -1.5130578103002890e+02
  -1.5161730935019617e+02
  -1.5124380156421813e+02
  -1.5017456363251583e+02
  -1.5101114702642982e+02
  -1.4992111885472906e+02
  -1.5000983580831286e+02
  -1.5025610013288335e+02
  -1.4987585804282554e+02
  -1.5135242665081756e+02
  -1.5083869634425255e+02
  -1.4985634231968490e+02
  -1.4971973831712575e+02
  -1.4958072194893276e+02
  -1.4909158182125100e+02
  -1.4912527010569451e+02
  -1.5019836660272745e+02
  -1.4856834368732635e+02
  -1.4868006846731780e+02
  -1.4906342099095517e+02
  -1.4870296006612182e+02
  -1.4782192506285853e+02
  -1.4773940859431875e+02
  -1.4789119594239560e+02
  -1.4807154720595824e+02
  -1.4864039366499949e+02
  -1.4734096864699032e+02
  -1.4751954243497784e+02
  -1.4706848825563003e+02
  -1.4705374916070258e+02
  -1.4732121870819813e+02
  -1.4681642298620793e+02
  -1.4724257345731621e+02
  -1.4737445498405074e+02
  -1.4695283616612855e+02
  -1.4622824450767021e+02
  -1.4675122478043818e+02
  -1.4731101791005904e+02
  -1.4709194228005583e+02
  -1.4683448150609127e+02
  -1.4651542404334094e+02
  -1.4649782202683525e+02
  -1.4608939396641620e+02
  -1.4662764349938573e+02
  -1.4572177469096579e+02
  -1.4646367532386404e+02
  -1.4585484431928404e+02
  -1.4556183155009123e+02
  -1.4527978401010719e+02
  -1.4527696644783140e+02
  -1.4514651027843794e+02
  -1.4560418864072227e+02
  -1.4501835243395507e+02
  -1.4476880556465522e+02
  -1.4415945570358636e+02
  -1.4542984551673987e+02
  -1.4436205608423606e+02
  -1.4389267962659400e+02
  -1.4294051614655214e+02
  -1.4374167173657784e+02
  -1.4420728572591796e+02
  -1.4424469476557155e+02
  -1.4448864042176905e+02
  -1.4369343205976543e+02
  -1.4388548500084511e+02
  -1.4312555566572672e+02
  -1.4408625244869012e+02
  -1.4322687224673865e+02
  -1.4303956814536861e+02
  -1.4350881025706920e+02
  -1.4349313804564832e+02
  -1.4342003611867338e+02
  -1.4263748092611678e+02
  -1.4210072440421496e+02
  -1.4239323511567832e+02
  -1.4242923485641418e+02
  -1.4211903300387334e+02
  -1.4223966233578409e+02
  -1.4231574229752644e+02
  -1.4159955877628050e+02
  -1.4157804705421100e+02
  -1.4200746793729641e+02
  -1.4164921371950817e+02
  -1.4177743588299893e+02
  -1.4211616438807803e+02
  -1.4133904910554000e+02
  -1.4165690539311845e+02
  -1.4116483267072860e+02
  -1.4167283963853410e+02
  -1.4111594447362845e+02
  -1.4091998595785859e+02
  -1.4084039365579628e+02
  -1.4051990066444972e+02
  -1.3983593865809635e+02
  -1.4012612699072110e+02
  -1.4054420605354233e+02
  -1.4008003556863602e+02
  -1.4147330352651977e+02
  -1.4028553678554417e+02
  -1.4020015028037992e+02
  -1.3902297284600144e+02
  -1.3961330739459015e+02
  -1.3984694284061806e+02
  -1.3992561305913247e+02
  -1.3982566277017165e+02
  -1.4036167706126113e+02
  -1.3830435370549662e+02
  -1.3980218168454061e+02
  -1.3968944936382437e+02
  -1.3911998081413680e+02
  -1.3736097794346895e+02
  -1.3920473078478264e+02
  -1.3975110942246585e+02
  -1.3930406011763790e+02
  -1.3865024167709390e+02
  -1.3822415942645020e+02
  -1.3877665137471624e+02
  -1.3809486400656724e+02
  -1.3850006424304448e+02
  -1.3823358870983657e+02
  -1.3771352907259879e+02
  -1.3763912356313790e+02
  -1.3762535411641534e+02
  -1.3793742102654770e+02
  -1.3774061235293243e+02
  -1.3764780397074250e+02
  -1.3735306718818671e+02
  -1.3719575730545054e+02
  -1.3724814105304972e+02
  -1.3739544298471230e+02
  -1.3724514228357120e+02
  -1.3726711526653978e+02
  -1.3716877413234883e+02
  -1.3742174479575411e+02
  -1.3688686570389436e+02
  -1.3691796778882448e+02
  -1.3609022940797803e+02
  -1.3637352787319080e+02
  -1.3661117119583665e+02
  -1.3619721949866539e+02
  -1.3603999340856913e+02
  -1.3665735816439695e+02
  -1.3558520750410830e+02
  -1.3672913904398428e+02
  -1.3618355841965939e+02
  -1.3620185005557900e+02
  -1.3629742803583491e+02
  -1.3547737395760157e+02
  -1.3548519107903553e+02
  -1.3574984594281995e+02
  -1.3567806006191063e+02
  -1.3576219869521555e+02
  -1.3543452168430929e+02
  -1.3563281148472359e+02
  -1.3571908234911604e+02
  -1.3502291730884247e+02
  -1.3493907127182126e+02
  -1.3585153220222665e+02
  -1.3532695978397004e+02
  -1.3505756502441216e+02
  -1.3429078020644039e+02
  -1.3477406511918326e+02
  -1.3443047828788750e+02
  -1.3389036433779523e+02
  -1.3478538448614961e+02
  -1.3367335342343640e+02
  -1.3464484053387062e+02
  -1.3392944660945770e+02
  -1.3413434966875346e+02
  -1.3408853981262931e+02
  -1.3429410465196688e+02
  -1.3331096783026510e+02
  -1.3352985814623557e+02
  -1.3418078364905807e+02
  -1.3411889908387278e+02
  -1.3348574960311538e+02
  -1.3335025095048692e+02
  -1.3398037044902594e+02
  -1.3300729784008024e+02
  -1.3364952997073860e+02
  -1.3354626458401108e+02
  -1.3255895543026250e+02
  -1.3290930381031299e+02
  -1.3340221825215224e+02
  -1.3321079128182248e+02
  -1.3272742179333017e+02
  -1.3280025430452147e+02
  -1.3303300660770250e+02
  -1.3312214738085029e+02
  -1.3196271287530061e+02
  -1.3300238091220174e+02
  -1.3171279249205296e+02
  -1.3217633744279803e+02
  -1.3157508689482228e+02
  -1.3147822147628958e+02
  -1.3292942272047887e+02
  -1.3204421597916405e+02
  -1.3238335410377562e+02
  -1.3192868273419518e+02
  -1.3162838770595110e+02
  -1.3152356382636992e+02
  -1.3208932671380458e+02
  -1.3115805856308498e+02
  -1.3156060499868150e+02
  -1.3193869545438184e+02
  -1.3152378708186376e+02
  -1.3116083324706685e+02
  -1.3115148336775241e+02
  -1.3134977755464718e+02
  -1.3068079241282530e+02
  -1.3063185577994616e+02
  -1.3208206456686344e+02
  -1.3095925018492855e+02
  -1.3049421320253288e+02
  -1.3158116482809803e+02
  -1.3030402075365171e+02
  -1.3043931537744129e+02
  -1.3010212500967975e+02
  -1.3085896805952063e+02
  -1.2963083095237840e+02
  -1.3049759633519082e+02
  -1.3084463590267848e+02
  -1.3042338397527342e+02
  -1.3018254384262499e+02
  -1.3045885980203920e+02
  -1.2973709803778803e+02
  -1.2931964538805516e+02
  -1.3006790064514811e+02
  -1.2956578789399953e+02
  -1.3048463422044614e+02
  -1.2897361620240497e+02
  -1.2895290916653454e+02
  -1.3025698870145166e+02
  -1.2988461302347670e+02
  -1.2986155551562328e+02
  -1.2884293529371658e+02
  -1.2981004437225357e+02
  -1.2906306347148049e+02
  -1.2894485714934419e+02
  -1.2861166939551711e+02
  -1.2883034096517144e+02
  -1.2955050603049489e+02
  -1.2910583926043023e+02
  -1.2916381932529515e+02
  -1.2872447386312700e+02
  -1.2914596469024161e+02
  -1.2784034510728405e+02
  -1.2849312431460731e+02
  -1.2849435916555376e+02
  -1.2875900849805601e+02
  -1.2847026205168984e+02
  -1.2848292276080358e+02
  -1.2895696275105908e+02
  -1.2816836418449270e+02
  -1.2916065432297657e+02
  -1.2829992844895824e+02
  -1.2768734068409447e+02
  -1.2817437175427506e+02
  -1.2829106961107399e+02
  -1.2827077445242458e+02
  -1.2797631418560962e+02
  -1.2746587383385160e+02
  -1.2789099164527687e+02
  -1.2843772798665015e+02
  -1.2830626095005914e+02
  -1.2798541787938245e+02
  -1.2796778430993257e+02
  -1.2784086728424266e+02
  -1.2709453674237399e+02
  -1.2770413136400968e+02
  -1.2748493664237931e+02
  -1.2769420130468770e+02
  -1.2700527151820690e+02
  -1.2723638700077106e+02
  -1.2775961073019958e+02
  -1.2638323645507334e+02
  -1.2768891313443599e+02
  -1.2691311052265829e+02
  -1.2721387148059790e+02
  -1.2755469678234928e+02
  -1.2663583993168992e+02
  -1.2665106765680083e+02
  -1.2682539356994776e+02
  -1.2695936911366454e+02
  -1.2629560418169550e+02
  -1.2701502670965799e+02
  -1.2616977977523077e+02
  -1.2669696354908460e+02
  -1.2661236874139269e+02
  -1.2616651181864663e+02
  -1.2658753802303072e+02
  -1.2601100709258424e+02
  -1.2645634593398317e+02
  -1.2581385175553406e+02
  -1.2593334560625841e+02
  -1.2577387257383295e+02
  -1.2649044320789150e+02
  -1.2586448366026315e+02
  -1.2548160591624799e+02
  -1.2519410526120275e+02
  -1.2574878106475111e+02
  -1.2554114350790218e+02
  -1.2558990415752943e+02
  -1.2562862170177003e+02
  -1.2575679750080208e+02
  -1.2615958169463262e+02
  -1.2502748780373101e+02
  -1.2583221799950901e+02
  -1.2538418252248402e+02
  -1.2504360585733149e+02
  -1.2463707980241115e+02
  -1.2542773897489957e+02
  -1.2560348578173993e+02
  -1.2476996289122341e+02
  -1.2489745647180132e+02
   0.0000000000000000e+00
   0.0000000000000000e+00
   0.0000000000000000e+00
   0.0000000000000000e+00
   0.0000000000000000e+00
   0.0000000000000000e+00
   0.0000000000000000e+00
   0.0000000000000000e+00
   0.0000000000000000e+00
   0.0000000000000000e+00
   0.0000000000000000e+00
   0.0000000000000000e+00
   0.0000000000000000e+00
   0.0000000000000000e+00
   0.0000000000000000e+00
   0.0000000000000000e+00
   0.0000000000000000e+00
   0.0000000000000000e+00
   0.0000000000000000e+00
   0.0000000000000000e+00
   0.0000000000000000e+00
   0.0000000000000000e+00
   0.0000000000000000e+00
   0.0000000000000000e+00
   0.0000000000000000e+00
   0.0000000000000000e+00
   0.0000000000000000e+00
   0.0000000000000000e+00
   0.0000000000000000e+00
   0.0000000000000000e+00
   0.0000000000000000e+00
   0.0000000000000000e+00
   0.0000000000000000e+00
   0.0000000000000000e+00
   0.0000000000000000e+00
   0.0000000000000000e+00
   0.0000000000000000e+00
   0.0000000000000000e+00
   0.0000000000000000e+00
   0.0000000000000000e+00
   0.0000000000000000e+00
   0.0000000000000000e+00
   0.0000000000000000e+00
   0.0000000000000000e+00
   0.0000000000000000e+00
   0.0000000000000000e+00
   0.0000000000000000e+00
   0.0000000000000000e+00
   0.0000000000000000e+00
   0.0000000000000000e+00
   0.0000000000000000e+00
   0.0000000000000000e+00
   0.0000000000000000e+00
   0.0000000000000000e+00
   0.0000000000000000e+00
   0.0000000000000000e+00
   0.0000000000000000e+00
   0.0000000000000000e+00
   0.0000000000000000e+00
   0.0000000000000000e+00
   0.0000000000000000e+00
   0.0000000000000000e+00
   0.0000000000000000e+00
   0.0000000000000000e+00
   0.0000000000000000e+00
   0.0000000000000000e+00
   0.0000000000000000e+00
   0.0000000000000000e+00
   0.0000000000000000e+00
   0.0000000000000000e+00
   0.0000000000000000e+00
   0.0000000000000000e+00
   0.0000000000000000e+00
   0.0000000000000000e+00
   0.0000000000000000e+00
   0.0000000000000000e+00
   0.0000000000000000e+00
   0.0000000000000000e+00
   0.0000000000000000e+00
   0.0000000000000000e+00
   0.0000000000000000e+00
   0.0000000000000000e+00
   0.0000000000000000e+00
   0.0000000000000000e+00
   0.0000000000000000e+00
   0.0000000000000000e+00
   0.0000000000000000e+00
   0.0000000000000000e+00
   0.0000000000000000e+00
   0.0000000000000000e+00
   0.0000000000000000e+00
   0.0000000000000000e+00
   0.0000000000000000e+00
   0.0000000000000000e+00
   0.0000000000000000e+00
   0.0000000000000000e+00
   0.0000000000000000e+00
   0.0000000000000000e+00
   0.0000000000000000e+00
   0.0000000000000000e+00
   0.0000000000000000e+00
   0.0000000000000000e+00
   0.0000000000000000e+00
   0.0000000000000000e+00
   0.0000000000000000e+00
   0.0000000000000000e+00
   0.0000000000000000e+00
   0.0000000000000000e+00
   0.0000000000000000e+00
   0.0000000000000000e+00
   0.0000000000000000e+00
   0.0000000000000000e+00
   0.0000000000000000e+00
   0.0000000000000000e+00
   0.0000000000000000e+00
   0.0000000000000000e+00
   0.0000000000000000e+00
   0.0000000000000000e+00
   0.0000000000000000e+00
   0.0000000000000000e+00
   0.0000000000000000e+00
   0.0000000000000000e+00
   0.0000000000000000e+00
   0.0000000000000000e+00
   0.0000000000000000e+00
   0.0000000000000000e+00
   0.0000000000000000e+00
   0.0000000000000000e+00
   0.0000000000000000e+00
   0.0000000000000000e+00
   0.0000000000000000e+00
   0.0000000000000000e+00
   0.0000000000000000e+00
   0.0000000000000000e+00
   0.0000000000000000e+00
   0.0000000000000000e+00
   0.0000000000000000e+00
   0.0000000000000000e+00
   0.0000000000000000e+00
   0.0000000000000000e+00
   0.0000000000000000e+00
   0.0000000000000000e+00
   0.0000000000000000e+00
   0.0000000000000000e+00
   0.0000000000000000e+00
   0.0000000000000000e+00
   0.0000000000000000e+00
   0.0000000000000000e+00
   0.0000000000000000e+00
   0.0000000000000000e+00
   0.0000000000000000e+00
   0.0000000000000000e+00
   0.0000000000000000e+00
   0.0000000000000000e+00
   0.0000000000000000e+00
   0.0000000000000000e+00
   0.0000000000000000e+00
   0.0000000000000000e+00
   0.0000000000000000e+00
   0.0000000000000000e+00
   0.0000000000000000e+00
   0.0000000000000000e+00
   0.0000000000000000e+00
   0.0000000000000000e+00
   0.0000000000000000e+00
   0.0000000000000000e+00
   0.0000000000000000e+00
   0.0000000000000000e+00
   0.0000000000000000e+00
   0.0000000000000000e+00
   0.0000000000000000e+00
   0.0000000000000000e+00
   0.0000000000000000e+00
   0.0000000000000000e+00
   0.0000000000000000e+00
   0.0000000000000000e+00
   0.0000000000000000e+00
   0.0000000000000000e+00
   0.0000000000000000e+00
   0.0000000000000000e+00
   0.0000000000000000e+00
   0.0000000000000000e+00
   0.0000000000000000e+00
   0.0000000000000000e+00
   0.0000000000000000e+00
   0.0000000000000000e+00
   0.0000000000000000e+00
   0.0000000000000000e+00
   0.0000000000000000e+00
   0.0000000000000000e+00
   0.0000000000000000e+00
   0.0000000000000000e+00
   0.0000000000000000e+00
   0.0000000000000000e+00
   0.0000000000000000e+00
   0.0000000000000000e+00
   0.0000000000000000e+00
   0.0000000000000000e+00
   0.0000000000000000e+00
   0.0000000000000000e+00
   0.0000000000000000e+00
   0.0000000000000000e+00
   0.0000000000000000e+00
   0.0000000000000000e+00
   0.0000000000000000e+00
   0.0000000000000000e+00
   0.0000000000000000e+00
   0.0000000000000000e+00
   0.0000000000000000e+00
   0.0000000000000000e+00
   0.0000000000000000e+00
   0.0000000000000000e+00
   0.0000000000000000e+00
   0.0000000000000000e+00
   0.0000000000000000e+00
   0.0000000000000000e+00
   0.0000000000000000e+00
   0.0000000000000000e+00
   0.0000000000000000e+00
   0.0000000000000000e+00
   0.0000000000000000e+00
   0.0000000000000000e+00
   0.0000000000000000e+00
   0.0000000000000000e+00
   0.0000000000000000e+00
   0.0000000000000000e+00
   0.0000000000000000e+00
   0.0000000000000000e+00
   0.0000000000000000e+00
   0.0000000000000000e+00
   0.0000000000000000e+00
   0.0000000000000000e+00
   0.0000000000000000e+00
   0.0000000000000000e+00
   0.0000000000000000e+00
   0.0000000000000000e+00
   0.0000000000000000e+00
   0.0000000000000000e+00
   0.0000000000000000e+00
   0.0000000000000000e+00
   0.0000000000000000e+00
   0.0000000000000000e+00
   0.0000000000000000e+00
   0.0000000000000000e+00
   0.0000000000000000e+00
   0.0000000000000000e+00
   0.0000000000000000e+00
   0.0000000000000000e+00
   0.0000000000000000e+00
   0.0000000000000000e+00
   0.0000000000000000e+00
   0.0000000000000000e+00
   0.0000000000000000e+00
   0.0000000000000000e+00
   0.0000000000000000e+00
   0.0000000000000000e+00
   0.0000000000000000e+00
   0.0000000000000000e+00
   0.0000000000000000e+00
   0.0000000000000000e+00
   0.0000000000000000e+00
   0.0000000000000000e+00
   0.0000000000000000e+00
   0.0000000000000000e+00
   0.0000000000000000e+00
   0.0000000000000000e+00
   0.0000000000000000e+00
   0.0000000000000000e+00
   0.0000000000000000e+00
   0.0000000000000000e+00
   0.0000000000000000e+00
   0.0000000000000000e+00
   0.0000000000000000e+00
   0.0000000000000000e+00
   0.0000000000000000e+00
   0.0000000000000000e+00
   0.0000000000000000e+00
   0.0000000000000000e+00
   0.0000000000000000e+00
   0.0000000000000000e+00
   0.0000000000000000e+00
   0.0000000000000000e+00
   0.0000000000000000e+00
   0.0000000000000000e+00
   0.0000000000000000e+00
   0.0000000000000000e+00
   0.0000000000000000e+00
   0.0000000000000000e+00
   0.0000000000000000e+00
   0.0000000000000000e+00
   0.0000000000000000e+00
   0.0000000000000000e+00
   0.0000000000000000e+00
   0.0000000000000000e+00
   0.0000000000000000e+00
   0.0000000000000000e+00
   0.0000000000000000e+00
   0.0000000000000000e+00
   0.0000000000000000e+00
   0.0000000000000000e+00
   0.0000000000000000e+00
   0.0000000000000000e+00
   0.0000000000000000e+00
   0.0000000000000000e+00
   0.0000000000000000e+00
   0.0000000000000000e+00
   0.0000000000000000e+00
   0.0000000000000000e+00
   0.0000000000000000e+00
   0.0000000000000000e+00
   0.0000000000000000e+00
   0.0000000000000000e+00
   0.0000000000000000e+00
   0.0000000000000000e+00
   0.0000000000000000e+00
   0.0000000000000000e+00
   0.0000000000000000e+00
   0.0000000000000000e+00
   0.0000000000000000e+00
   0.0000000000000000e+00
   0.0000000000000000e+00
   0.0000000000000000e+00
   0.0000000000000000e+00
   0.0000000000000000e+00
   0.0000000000000000e+00
   0.0000000000000000e+00
   0.0000000000000000e+00
   0.0000000000000000e+00
   0.0000000000000000e+00
   0.0000000000000000e+00
   0.0000000000000000e+00
   0.0000000000000000e+00
   0.0000000000000000e+00
   0.0000000000000000e+00
   0.0000000000000000e+00
   0.0000000000000000e+00
   0.0000000000000000e+00
   0.0000000000000000e+00
   0.0000000000000000e+00
   0.0000000000000000e+00
   0.0000000000000000e+00
   0.0000000000000000e+00
   0.0000000000000000e+00
   0.0000000000000000e+00
   0.0000000000000000e+00
   0.0000000000000000e+00
   0.0000000000000000e+00
   0.0000000000000000e+00
   0.0000000000000000e+00
   0.0000000000000000e+00
   0.0000000000000000e+00
   0.0000000000000000e+00
   0.0000000000000000e+00
   0.0000000000000000e+00
   0.0000000000000000e+00
   0.0000000000000000e+00
   0.0000000000000000e+00
