ARMA_MAT_TXT_FN008
1000 1
  -2.2453109743387048e-01
  -2.4175581723658812e-01
  -2.4069744611968250e-01
  -2.5666793777940294e-01
  -2.2424191024970558e-01
  -2.2905053205607290e-01
  -2.3138830849147829e-01
  -2.1787737870768525e-01
  -2.4092626617702323e-01
  -2.2301399938481156e-01
  -2.1441599689888183e-01
  -2.4950505637366482e-01
  -2.5433221892188185e-01
  -2.3419311459513800e-01
  -2.4518751844656436e-01
  -2.7916479697782803e-01
  -2.8031557463886575e-01
  -2.5913943248501936e-01
  -2.7696324375304737e-01
  -3.0573146883107211e-01
  -3.1180636316827381e-01
  -3.1313738315802198e-01
  -3.3562694890050454e-01
  -3.3110100469066578e-01
  -3.3371887188220561e-01
  -3.6390894321477163e-01
  -3.9093327581936105e-01
  -3.7320125433803880e-01
  -3.8727140342644789e-01
  -4.0418164590235517e-01
  -4.0549194756247336e-01
  -3.9805367627008920e-01
  -4.1881442113836159e-01
  -4.3382870858678219e-01
  -4.3844699948135857e-01
  -4.4851950507184851e-01
  -4.6381046106949902e-01
  -4.9465026526896488e-01
  -4.7378625171834587e-01
  -4.9337827968646364e-01
  -5.1023374308213387e-01
  -5.0273933599073750e-01
  -5.1665800620104363e-01
  -5.2560252433494781e-01
  -5.4825040764200195e-01
  -5.5577922592642248e-01
  -5.7011415284128864e-01
  -5.5688563745283559e-01
  -5.9188060451882230e-01
  -5.8791879863237184e-01
  -6.0458391795174715e-01
  -6.0737132604937161e-01
  -6.0857051456343725e-01
  -6.1158499752654805e-01
  -6.3837867148649807e-01
  -6.5625069098490940e-01
  -6.4659879320890912e-01
  -6.4811235929385269e-01
  -6.5980284046535231e-01
  -6.5924154161880666e-01
  -6.7079197633688858e-01
  -6.7968981097471259e-01
  -6.7692651010634897e-01
  -6.9326088866592295e-01
  -6.8359358623159372e-01
  -6.9700212624137858e-01
  -6.9689789629210552e-01
  -7.1505654927403794e-01
  -6.9939988571621348e-01
  -7.1518462954025674e-01
  -7.3006431901302626e-01
  -7.3169384503864587e-01
  -7.3285095452039739e-01
  -7.5165358751124900e-01
  -7.4824760483014674e-01
  -7.5157381702036152e-01
  -7.5302195453127996e-01
  -7.5303514386209114e-01
  -7.6918567677928495e-01
  -7.6328778529402996e-01
  -7.6869305474706195e-01
  -7.7514605926658320e-01
  -7.7797865675565425e-01
  -7.9041475609194800e-01
  -7.9026696842402278e-01
  -8.0078311369048039e-01
  -7.9254804842183657e-01
  -7.9782861290977203e-01
  -8.1706133854852503e-01
  -8.1305301911886008e-01
  -8.1553846113956341e-01
  -8.2226211854737652e-01
  -8.1303359898373961e-01
  -8.2875983398480535e-01
  -8.3917298063337209e-01
  -8.3352594576982697e-01
  -8.4116479842001657e-01
  -8.5028495231258161e-01
  -8.5019444870629746e-01
  -8.5708038240274143e-01
  -8.5253130341861261e-01
  -8.5990219254215328e-01
  -8.6409092847287150e-01
  -8.6814995002232653e-01
  -8.6839663843294268e-01
  -8.7330641193382352e-01
  -8.7416455244957414e-01
  -8.7765855466078435e-01
  -8.8551883666972020e-01
  -8.9191802450810143e-01
  -8.9147715887542678e-01
  -8.9550926274192899e-01
  -8.9649228784520818e-01
  -8.9850950603652013e-01
  -9.0373980987713820e-01
  -9.1017578216484818e-01
  -9.2020610426555416e-01
  -9.1926554986612063e-01
  -9.1857755473616542e-01
  -9.2193176734359095e-01
  -9.2957309955092382e-01
  -9.2838928731272963e-01
  -9.3310574050819584e-01
  -9.4127211811323785e-01
  -9.3929857953837026e-01
  -9.4472940291003915e-01
  -9.5040897690107151e-01
  -9.5197305566932400e-01
  -9.5137333268788471e-01
  -9.5225014310636213e-01
  -9.5897577508058118e-01
  -9.6320124521793071e-01
  -9.6537664274203516e-01
  -9.6671770715375527e-01
  -9.6768377854600585e-01
  -9.7249159867315182e-01
  -9.8042836454061910e-01
  -9.8410554876908085e-01
  -9.8883389522149756e-01
  -9.9210223342602921e-01
  -9.9113409630015814e-01
  -9.9453253946839526e-01
  -9.9392194905672349e-01
  -9.9474841387351853e-01
  -9.9830891573316571e-01
  -1.0008734409558819e+00
  -1.0028416299712253e+00
  -1.0040236887909846e+00
  -1.0044401821540696e+00
  -1.0095300618546490e+00
  -1.0115059584970221e+00
  -1.0114438822279168e+00
  -1.0133485316504107e+00
  -1.0177904818237804e+00
  -1.0215341356635526e+00
  -1.0262343107193534e+00
  -1.0293562487104024e+00
  -1.0258126595151487e+00
  -1.0257132745247644e+00
  -1.0316236442384723e+00
  -1.0384339062864718e+00
  -1.0348034309218848e+00
  -1.0366386923695445e+00
  -1.0429425180510885e+00
  -1.0452802653157018e+00
  -1.0433935737492623e+00
  -1.0481057768255613e+00
  -1.0486914129627547e+00
  -1.0521986259757588e+00
  -1.0509529068978889e+00
  -1.0562459919708600e+00
  -1.0575639168834061e+00
  -1.0588548630106926e+00
  -1.0588392092585690e+00
  -1.0652991959623688e+00
  -1.0696039462856695e+00
  -1.0682427085944128e+00
  -1.0681307431195266e+00
  -1.0743342445642849e+00
  -1.0758439750107185e+00
  -1.0756313563301558e+00
  -1.0740970323874697e+00
  -1.0786903082902164e+00
  -1.0827471911440067e+00
  -1.0857830690146424e+00
  -1.0845230734384537e+00
  -1.0909017483049281e+00
  -1.0884301863103256e+00
  -1.0938745694944050e+00
  -1.0916101757334955e+00
  -1.0966003326661438e+00
  -1.0971317099414959e+00
  -1.0974222562963749e+00
  -1.1025412653432616e+00
  -1.1030429218338580e+00
  -1.1052196156494278e+00
  -1.1074765406191736e+00
  -1.1084419707717410e+00
  -1.1060513916398842e+00
  -1.1109347965716778e+00
  -1.1148191015312781e+00
  -1.1100388588624628e+00
  -1.1159966656779716e+00
  -1.1175712780063256e+00
  -1.1181793245200162e+00
  -1.1213629336420921e+00
  -1.1217664097419267e+00
  -1.1237430120981675e+00
  -1.1286045127780353e+00
  -1.1285548134871710e+00
  -1.1321692722969889e+00
  -1.1341821379807624e+00
  -1.1334064299040068e+00
  -1.1359098563811223e+00
  -1.1391384320393145e+00
  -1.1398665866628013e+00
  -1.1415603239544889e+00
  -1.1428819796268632e+00
  -1.1445000244931274e+00
  -1.1483905571170612e+00
  -1.1471347832029852e+00
  -1.1487865221574916e+00
  -1.1515181022118828e+00
  -1.1545829392123912e+00
  -1.1537191603537624e+00
  -1.1534932050981923e+00
  -1.1599365296391895e+00
  -1.1573666097788373e+00
  -1.1630555802415747e+00
  -1.1608987704398417e+00
  -1.1630336430672388e+00
  -1.1664633155699435e+00
  -1.1657831788097024e+00
  -1.1704700748016794e+00
  -1.1705924493289797e+00
  -1.1685899776563700e+00
  -1.1720890484170159e+00
  -1.1769286057201624e+00
  -1.1765727640260395e+00
  -1.1777895249124704e+00
  -1.1792185732283624e+00
  -1.1802283292048095e+00
  -1.1822895739391330e+00
  -1.1833062580482061e+00
  -1.1860888379801948e+00
  -1.1862667404168574e+00
  -1.1849185419800161e+00
  -1.1897746773791140e+00
  -1.1910716750200505e+00
  -1.1908793983222383e+00
  -1.1910422518560544e+00
  -1.1939695730594428e+00
  -1.1956326783063516e+00
  -1.1963627289691154e+00
  -1.1974567888855949e+00
  -1.1998417834326973e+00
  -1.2020262751730026e+00
  -1.2040361119498286e+00
  -1.2032066282006177e+00
  -1.2040891427330760e+00
  -1.2064690110545262e+00
  -1.2098569483092732e+00
  -1.2090902726235071e+00
  -1.2105812871208714e+00
  -1.2117136145371805e+00
  -1.2141648415372306e+00
  -1.2146705234928843e+00
  -1.2162182803534340e+00
  -1.2160008275556786e+00
  -1.2181261924881506e+00
  -1.2185896393842242e+00
  -1.2205328330868059e+00
  -1.2239473554415468e+00
  -1.2235110784483503e+00
  -1.2253102243575515e+00
  -1.2266352954020363e+00
  -1.2285601508652446e+00
  -1.2311568022577561e+00
  -1.2298604848583055e+00
  -1.2330474950081278e+00
  -1.2345825186294410e+00
  -1.2337945379120263e+00
  -1.2361797312342440e+00
  -1.2363937303649344e+00
  -1.2393702437493941e+00
  -1.2390939316923437e+00
  -1.2399275329361061e+00
  -1.2431950407955297e+00
  -1.2433166867771788e+00
  -1.2445224375087875e+00
  -1.2452563638081604e+00
  -1.2451599938840523e+00
  -1.2481154026572565e+00
  -1.2502214876164197e+00
  -1.2492040504919424e+00
  -1.2513954766213407e+00
  -1.2522692666209301e+00
  -1.2540273454503275e+00
  -1.2545236211653117e+00
  -1.2562952315370448e+00
  -1.2558962993413394e+00
  -1.2589945048365898e+00
  -1.2597056236880402e+00
  -1.2615178373289608e+00
  -1.2616803052088488e+00
  -1.2631236789334155e+00
  -1.2648979155302764e+00
  -1.2658080007735804e+00
  -1.2661880191367494e+00
  -1.2707839911798580e+00
  -1.2712188023002242e+00
  -1.2716079335274562e+00
  -1.2715479015945068e+00
  -1.2734958931566722e+00
  -1.2726525105451090e+00
  -1.2728989982229590e+00
  -1.2758525748184544e+00
  -1.2764867888901636e+00
  -1.2779511571719373e+00
  -1.2800175514368222e+00
  -1.2800345063748655e+00
  -1.2796479367468399e+00
  -1.2822878234600383e+00
  -1.2846841604921000e+00
  -1.2845091768469401e+00
  -1.2853476007889459e+00
  -1.2869104990560229e+00
  -1.2871488981647765e+00
  -1.2883550198464586e+00
  -1.2894961206060755e+00
  -1.2915344417781112e+00
  -1.2911301352013844e+00
  -1.2931359258786292e+00
  -1.2914129808375945e+00
  -1.2943842183433030e+00
  -1.2942179863646215e+00
  -1.2973738304423086e+00
  -1.2970555862130915e+00
  -1.2986293798668427e+00
  -1.2996812798852999e+00
  -1.3008724552833768e+00
  -1.3020196883806752e+00
  -1.3025550674794124e+00
  -1.3047159792645291e+00
  -1.3051358577661631e+00
  -1.3053591520402021e+00
  -1.3068721126808747e+00
  -1.3078840822397995e+00
  -1.3093075154249529e+00
  -1.3110980093531561e+00
  -1.3135716260168311e+00
  -1.3148701129209071e+00
  -1.3135521464713287e+00
  -1.3157169692339532e+00
  -1.3169939195442604e+00
  -1.3175955138130715e+00
  -1.3178966713302172e+00
  -1.3195914476815662e+00
  -1.3207557198575106e+00
  -1.3214616660682839e+00
  -1.3217729659750055e+00
  -1.3235843931715952e+00
  -1.3236438731659657e+00
  -1.3239314263046180e+00
  -1.3265422343277760e+00
  -1.3270235367429482e+00
  -1.3274996379405781e+00
  -1.3281594237135466e+00
  -1.3296880179076458e+00
  -1.3295638402857253e+00
  -1.3321595401476896e+00
  -1.3320099746713396e+00
  -1.3330164459048102e+00
  -1.3348303047296883e+00
  -1.3338319771248826e+00
  -1.3348984482684918e+00
  -1.3359647035985647e+00
  -1.3366760441632097e+00
  -1.3374237922680143e+00
  -1.3397941970880334e+00
  -1.3388732102205656e+00
  -1.3408715989424602e+00
  -1.3424870423646866e+00
  -1.3424663421030161e+00
  -1.3436953854397193e+00
  -1.3460281385042898e+00
  -1.3458494442387043e+00
  -1.3471539258433551e+00
  -1.3482828805114255e+00
  -1.3486399947209065e+00
  -1.3502430507221852e+00
  -1.3505780004375523e+00
  -1.3524255809995878e+00
  -1.3528630753105502e+00
  -1.3540151444268760e+00
  -1.3539362142446925e+00
  -1.3564366925679887e+00
  -1.3566526925587390e+00
  -1.3575725129233209e+00
  -1.3583921354169792e+00
  -1.3587022135700062e+00
  -1.3589234514680930e+00
  -1.3594522415278416e+00
  -1.3601027706869080e+00
  -1.3618790711460820e+00
  -1.3637385782143592e+00
  -1.3633706865172299e+00
  -1.3653946400276131e+00
  -1.3652456484928381e+00
  -1.3658895144162517e+00
  -1.3678872875051153e+00
  -1.3686854288527392e+00
  -1.3685208114157925e+00
  -1.3704477795376577e+00
  -1.3694657587749142e+00
  -1.3718262506773313e+00
  -1.3721451719585807e+00
  -1.3726556402880279e+00
  -1.3732997925388855e+00
  -1.3747850630144152e+00
  -1.3760195890097857e+00
  -1.3752258865618097e+00
  -1.3763202107895023e+00
  -1.3780103703141413e+00
  -1.3789762977406512e+00
  -1.3807343295394063e+00
  -1.3799448485904111e+00
  -1.3808147138869320e+00
  -1.3825863230448041e+00
  -1.3823109484135505e+00
  -1.3825051313738796e+00
  -1.3831686393684217e+00
  -1.3842208106282734e+00
  -1.3841999178359967e+00
  -1.3844497244646841e+00
  -1.3868480898295774e+00
  -1.3866432129105903e+00
  -1.3885030916936614e+00
  -1.3890522230755042e+00
  -1.3892720395977156e+00
  -1.3909452584879902e+00
  -1.3917733792770237e+00
  -1.3916343111731631e+00
  -1.3927821082485337e+00
  -1.3934014307237619e+00
  -1.3949930530179129e+00
  -1.3954920411435388e+00
  -1.3958335791759089e+00
  -1.3962722276311785e+00
  -1.3984116833703892e+00
  -1.3973738462292093e+00
  -1.3999258346720298e+00
  -1.4004162106641014e+00
  -1.4006343732058970e+00
  -1.4008163457942822e+00
  -1.4027212729428402e+00
  -1.4029120999864897e+00
  -1.4043462434744036e+00
  -1.4042333344415103e+00
  -1.4058398833904289e+00
  -1.4056714235221721e+00
  -1.4066943833835446e+00
  -1.4076038346239479e+00
  -1.4084277593704646e+00
  -1.4084565528113788e+00
  -1.4097578220517855e+00
  -1.4103189594798702e+00
  -1.4112832807525648e+00
  -1.4124626016403183e+00
  -1.4136430477346196e+00
  -1.4140433272736719e+00
  -1.4132172660110092e+00
  -1.4145658577347879e+00
  -1.4151094153199435e+00
  -1.4163445675578370e+00
  -1.4180054851240231e+00
  -1.4174311459198163e+00
  -1.4191656520915623e+00
  -1.4200050687008057e+00
  -1.4209888942259212e+00
  -1.4212764152542485e+00
  -1.4222881568458445e+00
  -1.4242447840894570e+00
  -1.4239728560303186e+00
  -1.4243447540298946e+00
  -1.4251690120557492e+00
  -1.4262523855083791e+00
  -1.4267979338651278e+00
  -1.4277413893266948e+00
  -1.4285870762591204e+00
  -1.4290312550329487e+00
  -1.4302251693830164e+00
  -1.4312993682285453e+00
  -1.4312302686266505e+00
  -1.4319978671944835e+00
  -1.4326832917364860e+00
  -1.4333958057655314e+00
  -1.4337801813085504e+00
  -1.4337316420070272e+00
  -1.4355751031964661e+00
  -1.4349315290091127e+00
  -1.4367831486608829e+00
  -1.4369552877265053e+00
  -1.4381808770378091e+00
  -1.4389284214551232e+00
  -1.4392066727049158e+00
  -1.4399888696894769e+00
  -1.4403019044564822e+00
  -1.4412822894330684e+00
  -1.4412391636901212e+00
  -1.4425347312606824e+00
  -1.4440696593249465e+00
  -1.4434761982983191e+00
  -1.4446900036098862e+00
  -1.4456432051525536e+00
  -1.4449771953121440e+00
  -1.4461894903073749e+00
  -1.4473530143264395e+00
  -1.4473402831813238e+00
  -1.4479472036689998e+00
  -1.4489578734571917e+00
  -1.4500044060111492e+00
  -1.4510121166359531e+00
  -1.4509453865141144e+00
  -1.4513773243442152e+00
  -1.4523669165559430e+00
  -1.4527717905339617e+00
  -1.4538605935250928e+00
  -1.4541260348712235e+00
  -1.4546434906798167e+00
  -1.4551076248803789e+00
  -1.4566923436659129e+00
  -1.4567144840335682e+00
  -1.4577239505960886e+00
  -1.4583757099923671e+00
  -1.4590095811504558e+00
  -1.4596836626214156e+00
  -1.4603237938143712e+00
  -1.4619789057995853e+00
  -1.4616561024885268e+00
  -1.4628513542272563e+00
  -1.4626807648721636e+00
  -1.4645800092546108e+00
  -1.4637456764726187e+00
  -1.4652511650519917e+00
  -1.4656553676359008e+00
  -1.4662317541809526e+00
  -1.4670872759006941e+00
  -1.4670078568934113e+00
  -1.4682127324042482e+00
  -1.4687546968544296e+00
  -1.4704544954237289e+00
  -1.4703451401237420e+00
  -1.4706451342717626e+00
  -1.4711870058000975e+00
  -1.4727475749568288e+00
  -1.4732240357948823e+00
  -1.4727346676378013e+00
  -1.4743988411473608e+00
  -1.4742742611903910e+00
  -1.4749651498324390e+00
  -1.4748444870925981e+00
  -1.4759392771547026e+00
  -1.4771406257587789e+00
  -1.4772466732626632e+00
  -1.4774032170013121e+00
  -1.4785182238909160e+00
  -1.4791721490845442e+00
  -1.4799644747822305e+00
  -1.4800865296712562e+00
  -1.4809700384656876e+00
  -1.4810575779069193e+00
  -1.4821856162477796e+00
  -1.4830060948448625e+00
  -1.4826444366261762e+00
  -1.4833860888274071e+00
  -1.4834147934171573e+00
  -1.4846643173114082e+00
  -1.4854772871669817e+00
  -1.4870424373187232e+00
  -1.4869345562402458e+00
  -1.4865528332837719e+00
  -1.4881860112162331e+00
  -1.4887108162791207e+00
  -1.4891304678445334e+00
  -1.4906846718089837e+00
  -1.4909295391667878e+00
  -1.4912149504894314e+00
  -1.4923666730719833e+00
  -1.4919286193396055e+00
  -1.4933623918929293e+00
  -1.4935067321087856e+00
  -1.4936950280579648e+00
  -1.4950554447592774e+00
  -1.4949042566775956e+00
  -1.4960163740222105e+00
  -1.4964683072732363e+00
  -1.4967546071705340e+00
  -1.4969554312674731e+00
  -1.4978963253045896e+00
  -1.4986007543053792e+00
  -1.4989114789467890e+00
  -1.4997385576258206e+00
  -1.5004185111703587e+00
  -1.5008454529087858e+00
  -1.5015693667038441e+00
  -1.5023597480853497e+00
  -1.5026363070232809e+00
  -1.5028030562746733e+00
  -1.5027855477354444e+00
  -1.5040876090515514e+00
  -1.5047448782638113e+00
  -1.5055028989916641e+00
  -1.5058007229463011e+00
  -1.5064682933333597e+00
  -1.5062789159760908e+00
  -1.5072197324336862e+00
  -1.5085699663090197e+00
  -1.5094863434128738e+00
  -1.5086318445427114e+00
  -1.5101119193224690e+00
  -1.5107875542297504e+00
  -1.5114914171544507e+00
  -1.5118070273587019e+00
  -1.5123887626433064e+00
  -1.5133613217195672e+00
  -1.5137961374127331e+00
  -1.5137376378915837e+00
  -1.5147377580899588e+00
  -1.5160941191039006e+00
  -1.5158134605162858e+00
  -1.5167287808949943e+00
  -1.5171120674970753e+00
  -1.5181273203378762e+00
  -1.5179715270933238e+00
  -1.5180923900561036e+00
  -1.5186331597777558e+00
  -1.5197022483388214e+00
  -1.5206079149142504e+00
  -1.5204020608204063e+00
  -1.5211682973811487e+00
  -1.5214199854722392e+00
  -1.5228195055347507e+00
  -1.5230533593169195e+00
  -1.5236511567141633e+00
  -1.5238189743439530e+00
  -1.5242370902822027e+00
  -1.5244758550198836e+00
  -1.5259487710421231e+00
  -1.5257484841532567e+00
  -1.5264508363484699e+00
  -1.5275635525059637e+00
  -1.5278672308226300e+00
  -1.5279759783985463e+00
  -1.5289333497826074e+00
  -1.5286291087943711e+00
  -1.5297747544918994e+00
  -1.5302809557827919e+00
  -1.5307424961604486e+00
  -1.5315981026247247e+00
  -1.5321533971054275e+00
  -1.5315842442424672e+00
  -1.5316339576818181e+00
  -1.5333015756219712e+00
  -1.5337552493068281e+00
  -1.5341917004355929e+00
  -1.5351331749895647e+00
  -1.5352586361777230e+00
  -1.5364615070153391e+00
  -1.5370488911475879e+00
  -1.5378007488637162e+00
  -1.5380680788628296e+00
  -1.5376000785544333e+00
  -1.5396031953974703e+00
  -1.5398825082832468e+00
  -1.5401997970667380e+00
  -1.5406465343441604e+00
  -1.5408770422291418e+00
  -1.5413022406850427e+00
  -1.5422802250235772e+00
  -1.5430843149267768e+00
  -1.5436650526944153e+00
  -1.5437457319951957e+00
  -1.5436589524217212e+00
  -1.5441173401054615e+00
  -1.5452555606453615e+00
  -1.5451897700481532e+00
  -1.5462118454218612e+00
  -1.5459417519843934e+00
  -1.5471470868122315e+00
  -1.5475874938362415e+00
  -1.5476571470175602e+00
  -1.5475278952904610e+00
  -1.5489768291720614e+00
  -1.5490518694193189e+00
  -1.5495210130734571e+00
  -1.5498421878858561e+00
  -1.5503093441793563e+00
  -1.5508808658999131e+00
  -1.5519186314082385e+00
  -1.5523249042115308e+00
  -1.5525121020879207e+00
  -1.5533083574176640e+00
  -1.5540844512039651e+00
  -1.5537513619953403e+00
  -1.5539664287669688e+00
  -1.5546660798480629e+00
  -1.5547859621658486e+00
  -1.5560155381095293e+00
  -1.5560375284404235e+00
  -1.5567544212688140e+00
  -1.5575710668183522e+00
  -1.5573143922939503e+00
  -1.5583077036533248e+00
  -1.5583915661292369e+00
  -1.5586221933335580e+00
  -1.5593908134665897e+00
  -1.5601245386004237e+00
  -1.5605917934564855e+00
  -1.5606239692928567e+00
  -1.5612982799068535e+00
  -1.5619677376404222e+00
  -1.5627623344321742e+00
  -1.5634495873773777e+00
  -1.5633365674589175e+00
  -1.5643647546686550e+00
  -1.5645352347884560e+00
  -1.5654877990812448e+00
  -1.5649940346772775e+00
  -1.5657135049076749e+00
  -1.5665063052101920e+00
  -1.5665254509511686e+00
  -1.5668325719165412e+00
  -1.5678302099750061e+00
  -1.5678781951765715e+00
  -1.5683310238857595e+00
  -1.5689536420455981e+00
  -1.5694869979919741e+00
  -1.5697597056922306e+00
  -1.5700477583662384e+00
  -1.5710733894910363e+00
  -1.5712279360336991e+00
  -1.5717303291344373e+00
  -1.5727113363396128e+00
  -1.5729049645958371e+00
  -1.5731480994663674e+00
  -1.5736422969603816e+00
  -1.5742493280679284e+00
  -1.5750140265982631e+00
  -1.5749183224731931e+00
  -1.5758034696008401e+00
  -1.5761777481161234e+00
  -1.5769816240944476e+00
  -1.5776515031715503e+00
  -1.5777379182026567e+00
  -1.5785779705533389e+00
  -1.5790113840370816e+00
  -1.5788136279564700e+00
  -1.5801983796854251e+00
  -1.5802307364037833e+00
  -1.5811430854780903e+00
  -1.5810312265228232e+00
  -1.5817024908530863e+00
  -1.5823477122919178e+00
  -1.5829164304636318e+00
  -1.5833697599112011e+00
  -1.5835676108039025e+00
  -1.5841636088985038e+00
  -1.5845889396986084e+00
  -1.5849392814414747e+00
  -1.5850014005011812e+00
  -1.5856029803614409e+00
  -1.5861632537886097e+00
  -1.5872654761315916e+00
  -1.5869772140672207e+00
  -1.5878147145973687e+00
  -1.5880897621510996e+00
  -1.5887056626893425e+00
  -1.5890376517777447e+00
  -1.5888270674339555e+00
  -1.5892410541220758e+00
  -1.5899519753027038e+00
  -1.5903062025869441e+00
  -1.5906625112747945e+00
  -1.5910078879058736e+00
  -1.5915217915503532e+00
  -1.5922911329069669e+00
  -1.5927106632193719e+00
  -1.5926652927726528e+00
  -1.5925709883398074e+00
  -1.5933963840989041e+00
  -1.5935182795587131e+00
  -1.5939306751170532e+00
  -1.5946671007782374e+00
  -1.5953806656314669e+00
  -1.5955832405977555e+00
  -1.5961590752547887e+00
  -1.5965651805129795e+00
  -1.5968244814321528e+00
  -1.5973227049777459e+00
  -1.5975704761422000e+00
  -1.5977274414232607e+00
  -1.5984289226507931e+00
  -1.5992549080096110e+00
  -1.5992245344795899e+00
  -1.5999643860641299e+00
  -1.6000225942566115e+00
  -1.6006936192922054e+00
  -1.6017115613315509e+00
  -1.6021387241096565e+00
  -1.6022684021813063e+00
  -1.6023439945449718e+00
  -1.6033183005005580e+00
  -1.6034169277841281e+00
  -1.6036746939381643e+00
  -1.6045961075358803e+00
  -1.6052950878149763e+00
  -1.6053344534179832e+00
  -1.6058186002447237e+00
  -1.6060082692008908e+00
  -1.6066771104481268e+00
  -1.6072623895663853e+00
  -1.6078767724126386e+00
  -1.6080492299093279e+00
  -1.6086370486517707e+00
  -1.6086969552970489e+00
  -1.6090715119766457e+00
  -1.6100461976949765e+00
  -1.6100211364238466e+00
  -1.6107907429912141e+00
  -1.6111480027728151e+00
  -1.6113144938091175e+00
  -1.6124607294077482e+00
  -1.6125520195144789e+00
  -1.6127117618302655e+00
  -1.6126586163834815e+00
  -1.6137613802448418e+00
  -1.6139790195908241e+00
  -1.6142886050736316e+00
  -1.6146090472592109e+00
  -1.6149399575627184e+00
  -1.6155372778237538e+00
  -1.6159771835637675e+00
  -1.6161556840808828e+00
  -1.6166137046620703e+00
  -1.6170460251871448e+00
  -1.6170022477446009e+00
  -1.6176695295845116e+00
  -1.6184192144584721e+00
  -1.6179569322147034e+00
  -1.6188804791780167e+00
  -1.6190802207361197e+00
  -1.6196050858176749e+00
  -1.6200990471582357e+00
  -1.6209932597606147e+00
  -1.6210225873727713e+00
  -1.6216388870733673e+00
  -1.6219108666939908e+00
  -1.6221187580006424e+00
  -1.6224382724497239e+00
  -1.6229376006132545e+00
  -1.6235834157131825e+00
  -1.6241568020272075e+00
  -1.6244903202279002e+00
  -1.6250413138905455e+00
  -1.6254172903239530e+00
  -1.6253197662668422e+00
  -1.6261030071352498e+00
  -1.6265966751213428e+00
  -1.6263337308854455e+00
  -1.6269332683909068e+00
  -1.6268379176745209e+00
  -1.6279053705231665e+00
  -1.6281027427657320e+00
  -1.6286281940656597e+00
  -1.6293233297890888e+00
  -1.6295337836286004e+00
  -1.6297739107597278e+00
  -1.6297359675076315e+00
  -1.6302593844821152e+00
  -1.6310481339269447e+00
  -1.6313894741777015e+00
  -1.6314003229653489e+00
  -1.6320887668655093e+00
  -1.6325252793373632e+00
  -1.6330790976609089e+00
  -1.6328445573567718e+00
  -1.6335833744196144e+00
  -1.6340956535608486e+00
  -1.6342999305755932e+00
  -1.6350021014497140e+00
  -1.6351444302548315e+00
  -1.6353863368913562e+00
  -1.6363689326480251e+00
  -1.6359314405518657e+00
  -1.6368356475944383e+00
  -1.6372408347032918e+00
  -1.6375267238206466e+00
  -1.6381591773857105e+00
  -1.6384308554371250e+00
  -1.6392157348872036e+00
  -1.6393611080366606e+00
  -1.6393523489392230e+00
  -1.6399817521147202e+00
  -1.6405085079047794e+00
  -1.6412202272253631e+00
  -1.6413385398231406e+00
  -1.6414920766575465e+00
  -1.6417152899082286e+00
  -1.6415131546500072e+00
  -1.6424892759631415e+00
  -1.6426587146608886e+00
  -1.6438989670009256e+00
  -1.6437251072535886e+00
  -1.6439901371342032e+00
  -1.6448524628628436e+00
  -1.6451935132137396e+00
  -1.6453934556364431e+00
  -1.6452384037747045e+00
  -1.6460490245417565e+00
  -1.6466911539512863e+00
  -1.6468546575940268e+00
  -1.6473037397003425e+00
  -1.6477589495750129e+00
  -1.6479917009272609e+00
  -1.6483195316905963e+00
  -1.6482413666439775e+00
  -1.6491268270264701e+00
  -1.6492840734010354e+00
  -1.6497011599575881e+00
  -1.6496318508978800e+00
  -1.6503698984162687e+00
  -1.6506707089962867e+00
  -1.6513634139335081e+00
  -1.6515128461299526e+00
  -1.6516245001820646e+00
  -1.6523642701545187e+00
  -1.6525013146681395e+00
  -1.6526258082073255e+00
  -1.6530325947312281e+00
  -1.6533531291107109e+00
  -1.6540074253543331e+00
  -1.6541599976410704e+00
  -1.6547888635863777e+00
  -1.6549867778161114e+00
  -1.6550312493705406e+00
  -1.6558041356787569e+00
  -1.6560898569766240e+00
  -1.6561709885012088e+00
  -1.6566859319708067e+00
  -1.6573190549584695e+00
  -1.6574112275384101e+00
  -1.6577797415492870e+00
  -1.6582365736841798e+00
  -1.6585381338299392e+00
  -1.6586562891430556e+00
  -1.6595436115867690e+00
  -1.6595080099521178e+00
  -1.6599744031460189e+00
  -1.6604931529852296e+00
  -1.6612085577455236e+00
  -1.6615307244760051e+00
  -1.6614347401188394e+00
  -1.6613741691530368e+00
  -1.6620789725453202e+00
  -1.6625620137921626e+00
  -1.6627807454724020e+00
  -1.6633192234605250e+00
  -1.6638022134004860e+00
  -1.6640739975569210e+00
  -1.6643521264591481e+00
  -1.6646197165451624e+00
  -1.6652113588915887e+00
  -1.6655312315276267e+00
  -1.6658278116168583e+00
  -1.6664579692984423e+00
  -1.6663802020876499e+00
  -1.6668187164160253e+00
  -1.6670459936780075e+00
  -1.6677670320664570e+00
  -1.6679758649513212e+00
  -1.6683517393760028e+00
  -1.6686349294438221e+00
  -1.6690336599126363e+00
  -1.6694149554957847e+00
  -1.6699580177810809e+00
  -1.6705488636509469e+00
  -1.6706647413788311e+00
  -1.6708264974692191e+00
  -1.6710856577662694e+00
  -1.6716623168605318e+00
  -1.6719870043249259e+00
  -1.6724700714970053e+00
  -1.6727302710243881e+00
  -1.6728902818332840e+00
  -1.6730997043372307e+00
  -1.6734549725269614e+00
  -1.6739463284643710e+00
  -1.6743426030065254e+00
  -1.6748039800751984e+00
