ARMA_MAT_TXT_FN008
1000 1
  -1.6242897487350044e+02
  -1.4309067286358641e+02
  -1.4156696942024917e+02
  -1.4390337595131851e+02
  -1.6163490436712934e+02
  -1.6062813728451516e+02
  -1.5981359588056162e+02
  -1.6103509773926640e+02
  -1.4518106650547134e+02
  -1.4473080723193664e+02
  -1.4463411983283882e+02
  -1.4418566484705212e+02
  -1.6669306379381356e+02
  -1.6426884169722166e+02
  -1.4627552541439502e+02
  -1.4359805536010120e+02
  -1.6441977926907600e+02
  -1.6316923224232733e+02
  -1.4762553987600083e+02
  -1.6315786689912755e+02
  -1.6260739529435057e+02
  -1.4925914865655224e+02
  -1.4723301755848030e+02
  -1.4532132269352297e+02
  -1.4582986572279907e+02
  -1.6660858219879447e+02
  -1.4475958301214774e+02
  -1.4406581770544312e+02
  -1.4015180354812873e+02
  -1.4089556599455094e+02
  -1.7486272827470765e+02
  -1.4355533849047615e+02
  -1.6929174964204114e+02
  -1.4148186858670772e+02
  -1.6651972850983489e+02
  -1.6790480041173291e+02
  -1.4442512629092280e+02
  -1.7025123000514887e+02
  -1.6629164841472664e+02
  -1.4629166775965157e+02
  -1.6731558447562415e+02
  -1.7134350538546985e+02
  -1.6769724734367256e+02
  -1.7010977893854232e+02
  -1.7029754787553813e+02
  -1.6991098496312082e+02
  -1.6791609129677903e+02
  -1.5113450973941173e+02
  -1.4778236120649760e+02
  -1.4980280534267138e+02
  -1.6928174839351260e+02
  -1.4750659241306479e+02
  -1.6980104267801008e+02
  -1.4705980144143990e+02
  -1.7071547815150711e+02
  -1.5007144178086514e+02
  -1.6700347014141110e+02
  -1.6555793386991260e+02
  -1.4577191642786866e+02
  -1.6842397025506935e+02
  -1.6920225260370617e+02
  -1.6774394798406689e+02
  -1.6870858776745149e+02
  -1.4667357820876080e+02
  -1.4932604658947974e+02
  -1.4788435966063511e+02
  -1.4875321496764388e+02
  -1.7144614443244859e+02
  -1.7108320115280489e+02
  -1.4971732560364526e+02
  -1.4969956223330163e+02
  -1.6967567189612043e+02
  -1.5070042044302406e+02
  -1.4770506251870304e+02
  -1.7028977362165040e+02
  -1.6832157891919411e+02
  -1.5006268494570500e+02
  -1.4667702547104003e+02
  -1.6926373379057969e+02
  -1.4747703099356386e+02
  -1.4996809395208578e+02
  -1.7198747736541370e+02
  -1.6957873019625382e+02
  -1.5241846158674454e+02
  -1.5109193891397476e+02
  -1.6729992542067117e+02
  -1.5040955359590208e+02
  -1.7134390402523312e+02
  -1.7191409867273356e+02
  -1.5086568305797027e+02
  -1.7319734119236313e+02
  -1.7085140553544332e+02
  -1.5079913439966700e+02
  -1.6652357064657585e+02
  -1.4739671551263956e+02
  -1.7222769146082783e+02
  -1.4790645745515124e+02
  -1.6699493680210438e+02
  -1.6873069579036533e+02
  -1.4720709746730083e+02
  -1.5326546463901451e+02
  -1.7345281026418206e+02
  -1.5581879819358937e+02
  -1.5027086679395782e+02
  -1.7168051668065530e+02
  -1.7360833840167228e+02
  -1.5073811419663500e+02
  -1.5219787948076080e+02
  -1.7196087440681711e+02
  -1.7371086645063676e+02
  -1.5141857147763355e+02
  -1.4669069645662762e+02
  -1.7273217647214892e+02
  -1.7241473352384440e+02
  -1.7033781307418397e+02
  -1.6987480992176717e+02
  -1.4989489068792363e+02
  -1.7345685013140951e+02
  -1.5498945976065437e+02
  -1.7194749194269212e+02
  -1.5307784610357203e+02
  -1.7321375435317066e+02
  -1.6830555711875280e+02
  -1.7169678841678689e+02
  -1.5201867896534671e+02
  -1.7295488627519981e+02
  -1.7266815380644107e+02
  -1.7026281721297218e+02
  -1.5116599467368104e+02
  -1.6866411443835335e+02
  -1.5423485208774903e+02
  -1.7155699661149180e+02
  -1.5094323983684299e+02
  -1.7153983544005712e+02
  -1.6892836202264428e+02
  -1.7136014464337256e+02
  -1.5763021160276114e+02
  -1.7239846374084379e+02
  -1.6870002917902440e+02
  -1.5309711265349850e+02
  -1.6895526902901102e+02
  -1.5757783787756981e+02
  -1.7133949803386545e+02
  -1.7089916812425815e+02
  -1.5831971275902146e+02
  -1.7392509777545732e+02
  -1.7577277710585122e+02
  -1.6719279798184280e+02
  -1.5804068909621566e+02
  -1.5711901174635065e+02
  -1.5855188029929488e+02
  -1.5858151738499740e+02
  -1.5753393554859440e+02
  -1.5702409893960427e+02
  -1.6898641589098770e+02
  -1.5582806714445661e+02
  -1.5954332742309438e+02
  -1.7100786844293299e+02
  -1.7374564947551269e+02
  -1.7317051167473022e+02
  -1.7262328732018602e+02
  -1.6991798327785506e+02
  -1.5711919048825095e+02
  -1.5686794036173387e+02
  -1.7236475050212192e+02
  -1.7187377832280731e+02
  -1.7188407658355902e+02
  -1.6147424725954858e+02
  -1.6438504618138614e+02
  -1.5610333733052977e+02
  -1.7072431989134918e+02
  -1.7295761657296711e+02
  -1.6851049686503058e+02
  -1.6039448851572212e+02
  -1.6622364714404154e+02
  -1.6992463626832804e+02
  -1.5735310432122139e+02
  -1.6048839514206890e+02
  -1.5765130261675066e+02
  -1.6226169905959344e+02
  -1.5706253067846629e+02
  -1.7239693511144802e+02
  -1.7091284850521035e+02
  -1.6955160325816777e+02
  -1.6827761284444566e+02
  -1.6598269206587710e+02
  -1.6760564253230129e+02
  -1.7213295667065631e+02
  -1.6501297690235484e+02
  -1.6474343900516652e+02
  -1.6336826258243926e+02
  -1.6522578779918297e+02
  -1.6563850828360398e+02
  -1.6507399298964083e+02
  -1.6216348451190925e+02
  -1.6130744422406443e+02
  -1.6207382058416829e+02
  -1.6296895853702250e+02
  -1.6053895596330284e+02
  -1.6195129098843356e+02
  -1.6538782167701427e+02
  -1.6576692019789647e+02
  -1.5964717026040549e+02
  -1.6022915882106909e+02
  -1.6264207924647349e+02
  -1.6471140219997631e+02
  -1.6563773958470048e+02
  -1.6043129459120078e+02
  -1.6369642012946221e+02
  -1.6770743417178497e+02
  -1.6477205619920483e+02
  -1.6335537004767775e+02
  -1.6551005403291589e+02
  -1.6107705509754038e+02
  -1.6298630109195736e+02
  -1.6536331009588818e+02
  -1.6445231721461539e+02
  -1.6327897282686118e+02
  -1.5933274302893389e+02
  -1.6307505480045293e+02
  -1.6681463803224702e+02
  -1.6545691188571865e+02
  -1.5940086759875661e+02
  -1.6944230561902063e+02
  -1.5656359928528178e+02
  -1.6548823049269561e+02
  -1.6633553096543173e+02
  -1.6807286835233828e+02
  -1.6427896151865491e+02
  -1.6723506053601912e+02
  -1.6548830174593510e+02
  -1.6592628259082875e+02
  -1.6541377621548583e+02
  -1.6146493957565653e+02
  -1.6433602779879405e+02
  -1.6254442136247496e+02
  -1.6245119481312872e+02
  -1.6562095364699013e+02
  -1.6280818063545064e+02
  -1.6214613054483533e+02
  -1.6920100951488237e+02
  -1.6444921066744504e+02
  -1.6410523112547810e+02
  -1.6481973468710422e+02
  -1.6367946198692081e+02
  -1.6414322818153971e+02
  -1.6494502335270622e+02
  -1.6616239311492228e+02
  -1.6475279287068943e+02
  -1.6440391357690174e+02
  -1.6429508067391882e+02
  -1.6755416884899927e+02
  -1.6423223045876293e+02
  -1.6516861829947823e+02
  -1.6675586849938327e+02
  -1.6137795884921317e+02
  -1.6522166354833990e+02
  -1.6273820140876623e+02
  -1.6868130427860709e+02
  -1.6356498187282338e+02
  -1.6417184044115490e+02
  -1.6987574092412535e+02
  -1.6299195472875243e+02
  -1.6323481194484344e+02
  -1.6449342549553791e+02
  -1.6657839053956889e+02
  -1.6636893394933034e+02
  -1.6509112679797406e+02
  -1.6211810011269969e+02
  -1.6075922538145323e+02
  -1.7201229956911317e+02
  -1.6354551981986188e+02
  -1.6484454192294288e+02
  -1.6160467116264800e+02
  -1.6801539358565694e+02
  -1.6603171087016193e+02
  -1.6685587728610551e+02
  -1.6585191909681487e+02
  -1.6376591378614850e+02
  -1.6316160027718229e+02
  -1.6499874975174006e+02
  -1.6113885776562091e+02
  -1.6352893450322512e+02
  -1.6402332587287293e+02
  -1.6462138404865897e+02
  -1.6451180005088361e+02
  -1.6379082438332890e+02
  -1.7007357051044380e+02
  -1.6708787295649014e+02
  -1.6374441114975374e+02
  -1.6557956002159477e+02
  -1.6496865146328793e+02
  -1.6227092516656103e+02
  -1.6598477117580978e+02
  -1.6586379887400886e+02
  -1.7111860243362457e+02
  -1.7080732374928286e+02
  -1.6684363286526789e+02
  -1.6400104953660741e+02
  -1.6440452519371715e+02
  -1.6439149062656534e+02
  -1.6559876257740365e+02
  -1.6790634246860409e+02
  -1.6693363764503783e+02
  -1.6296595690507618e+02
  -1.6658677462214638e+02
  -1.6225165756818942e+02
  -1.6394365344522240e+02
  -1.7134207780418058e+02
  -1.6566603559062611e+02
  -1.6423997594085210e+02
  -1.6613766569953685e+02
  -1.6717174182181984e+02
  -1.6705931724930809e+02
  -1.6918758007931709e+02
  -1.6302018587885686e+02
  -1.6672860561270346e+02
  -1.6464408601670982e+02
  -1.6784922425586140e+02
  -1.6863961349316980e+02
  -1.6754842057288070e+02
  -1.6477915996117210e+02
  -1.6719799420548443e+02
  -1.6321454331179493e+02
  -1.6478230693344668e+02
  -1.6627086380591703e+02
  -1.6717402385805687e+02
  -1.6838455285730518e+02
  -1.6686302969743957e+02
  -1.6856269960976539e+02
  -1.6829532236080004e+02
  -1.6487748023590996e+02
  -1.7006863295562721e+02
  -1.6929514712762446e+02
  -1.6890762126553793e+02
  -1.6459164137939112e+02
  -1.6950854831204595e+02
  -1.6951015927390989e+02
  -1.6583489890024299e+02
  -1.6646106659426070e+02
  -1.7185821121828189e+02
  -1.7451612501468588e+02
  -1.6801788824258620e+02
  -1.7169824675185799e+02
  -1.6559341112217149e+02
  -1.6805858036097663e+02
  -1.6582376234289438e+02
  -1.6666135609996391e+02
  -1.7055873135750852e+02
  -1.6489653226378141e+02
  -1.6695133891061079e+02
  -1.6384907472118229e+02
  -1.7328186490775821e+02
  -1.7218525312995698e+02
  -1.6444305941010563e+02
  -1.7318136166742690e+02
  -1.7053851743489543e+02
  -1.6637080997184961e+02
  -1.7623825402852154e+02
  -1.6814300055227079e+02
  -1.7105860172341298e+02
  -1.6979288397825076e+02
  -1.6685163351948677e+02
  -1.7253940994704104e+02
  -1.6991765490094099e+02
  -1.7436848079503966e+02
  -1.7099488287843812e+02
  -1.6642879103333667e+02
  -1.6679666947499445e+02
  -1.7112449544667226e+02
  -1.6764467281471255e+02
  -1.7198812846343088e+02
  -1.6615664646623472e+02
  -1.6651691706883008e+02
  -1.7101390423902114e+02
  -1.6497233888609014e+02
  -1.7286486708251149e+02
  -1.6464273541180430e+02
  -1.6499595703841655e+02
  -1.7065741813318661e+02
  -1.6304280641967893e+02
  -1.6416551052595287e+02
  -1.6444373334843834e+02
  -1.7577661530468595e+02
  -1.7159500571843009e+02
  -1.7169773768475577e+02
  -1.7253277199084479e+02
  -1.7287580380509468e+02
  -1.6622985846279042e+02
  -1.7277772240670768e+02
  -1.6641125180582466e+02
  -1.6681119894836201e+02
  -1.6143761444504125e+02
  -1.6442935158191167e+02
  -1.7091324020405474e+02
  -1.7020767386621316e+02
  -1.7263746835974797e+02
  -1.7165778256313246e+02
  -1.7019849879527155e+02
  -1.7031438900144315e+02
  -1.7247462156746172e+02
  -1.6723899571468897e+02
  -1.6629741299607514e+02
  -1.6844445234698958e+02
  -1.6897077547538279e+02
  -1.6435266433584624e+02
  -1.7416040204106042e+02
  -1.6877156932454807e+02
  -1.6815657775504471e+02
  -1.6553803600487879e+02
  -1.7066364807701515e+02
  -1.6259154443918567e+02
  -1.6997635291171090e+02
  -1.6775452204675940e+02
  -1.7014745910280172e+02
  -1.6933700988874998e+02
  -1.7351799213448928e+02
  -1.6942718791647147e+02
  -1.7410174322430348e+02
  -1.7055182655152421e+02
  -1.6719145202402785e+02
  -1.7256987312374218e+02
  -1.6968167900646336e+02
  -1.6618578322069467e+02
  -1.6973081345297763e+02
  -1.7132961310955696e+02
  -1.7449576343578869e+02
  -1.7039636702515787e+02
  -1.6566336362954084e+02
  -1.7093526153450836e+02
  -1.6294907999224500e+02
  -1.7284001796329045e+02
  -1.6450360588256808e+02
  -1.6994015725392450e+02
  -1.6887852956336334e+02
  -1.6529231859054028e+02
  -1.7132980111286952e+02
  -1.6653165151093461e+02
  -1.7496105110687594e+02
  -1.7076763211568735e+02
  -1.7294255766740159e+02
  -1.6875374107025962e+02
  -1.7541260271802946e+02
  -1.7234045185414931e+02
  -1.6701783307005590e+02
  -1.6917797267743580e+02
  -1.6724977325100528e+02
  -1.6881146216452996e+02
  -1.7093126016673102e+02
  -1.7219481262718665e+02
  -1.6655811429636867e+02
  -1.7418880579662707e+02
  -1.7391227660464980e+02
  -1.7508905723683083e+02
  -1.7310367588843758e+02
  -1.7383518946504418e+02
  -1.6622215422534742e+02
  -1.6735210119765270e+02
  -1.6503488892617094e+02
  -1.6694035554547020e+02
  -1.6519049245479169e+02
  -1.7445925390421345e+02
  -1.7274246330673233e+02
  -1.7196745293405604e+02
  -1.7350662401441721e+02
  -1.7173332993324013e+02
  -1.7290129470889434e+02
  -1.7131832570637840e+02
  -1.6711956475381456e+02
  -1.7347516725327168e+02
  -1.6963539168781804e+02
  -1.7459844443041936e+02
  -1.6820447192276436e+02
  -1.6979673693522233e+02
  -1.7001337052056877e+02
  -1.6916177023432599e+02
  -1.7134811268368429e+02
  -1.7187752497660938e+02
  -1.7360501244885293e+02
  -1.7030558808943297e+02
  -1.7046025097125323e+02
  -1.7382994359002367e+02
  -1.6668590598062929e+02
  -1.6941302254031157e+02
  -1.6992751939596778e+02
  -1.6977331344284309e+02
  -1.7023423878975069e+02
  -1.6943906154900654e+02
  -1.6850921342362639e+02
  -1.6842097598245908e+02
  -1.7140143476765189e+02
  -1.7042087709034510e+02
  -1.7015329955592722e+02
  -1.7216621593588775e+02
  -1.6577016614897559e+02
  -1.7037627474135869e+02
  -1.7279844334341769e+02
  -1.6854288580590961e+02
  -1.7430175186100888e+02
  -1.7130626226324981e+02
  -1.7168731426475159e+02
  -1.7449838303240736e+02
  -1.6653674821241052e+02
  -1.7149544125412547e+02
  -1.6990575243941879e+02
  -1.7193743269881563e+02
  -1.6962150115574667e+02
  -1.6850730099391794e+02
  -1.7074729536284900e+02
  -1.7084985961767359e+02
  -1.7088241466011971e+02
  -1.7243225054860315e+02
  -1.6951363066385548e+02
  -1.6940599106632723e+02
  -1.7702823140082691e+02
  -1.6909735558000099e+02
  -1.6592404927944415e+02
  -1.7221725209612964e+02
  -1.7169306323530833e+02
  -1.6943214505150922e+02
  -1.7347623189073036e+02
  -1.7356073564805726e+02
  -1.7114869856746083e+02
  -1.6791632114293449e+02
  -1.7993400619225054e+02
  -1.7165987913609581e+02
  -1.7166239636380536e+02
  -1.7160801089448395e+02
  -1.7698495256496142e+02
  -1.8269125100230747e+02
  -1.6705328180438255e+02
  -1.7617040757753364e+02
  -1.7129468353517268e+02
  -1.6972010441086539e+02
  -1.7048795883633611e+02
  -1.7278837698323187e+02
  -1.7468305640662382e+02
  -1.7279672124761490e+02
  -1.8028485545750837e+02
  -1.7219147593666466e+02
  -1.7311597760402734e+02
  -1.6902417824699427e+02
  -1.7581904639766483e+02
  -1.6847894638163260e+02
  -1.6860695018708657e+02
  -1.6954675252891795e+02
  -1.7245077342746828e+02
  -1.7240685229928971e+02
  -1.6986852539424950e+02
  -1.7366169077639424e+02
  -1.6776862002380315e+02
  -1.7316154452699857e+02
  -1.7079785123430563e+02
  -1.7668038981620529e+02
  -1.7725932241674471e+02
  -1.7294274624000414e+02
  -1.6724954172142151e+02
  -1.7681013115417139e+02
  -1.7449916633256731e+02
  -1.6858273647795019e+02
  -1.6854131743489171e+02
  -1.7099135477107529e+02
  -1.7473099686716267e+02
  -1.7006559300145256e+02
  -1.7278768238952381e+02
  -1.7135354116243494e+02
  -1.7356981516843209e+02
  -1.7672799409424741e+02
  -1.7541751898709285e+02
  -1.7419930984011421e+02
  -1.7443572478116309e+02
  -1.7432582967471919e+02
  -1.7409635075440457e+02
  -1.7269106089444517e+02
  -1.7059603019044056e+02
  -1.7806560716102703e+02
  -1.7243947682633666e+02
  -1.7205659158147492e+02
  -1.6894309352614687e+02
  -1.7118629666336923e+02
  -1.7490954382738610e+02
  -1.6713926403580638e+02
  -1.7398541519506065e+02
  -1.7263060972307167e+02
  -1.6853214427814319e+02
  -1.7688734027416351e+02
  -1.6954055664491483e+02
  -1.7417234217717490e+02
  -1.7121334780717595e+02
  -1.7357868480844303e+02
  -1.7323908561521256e+02
  -1.7459267281727247e+02
  -1.7345795459359678e+02
  -1.7548105014895995e+02
  -1.6762768736816165e+02
  -1.7001578356736738e+02
  -1.7536068959898981e+02
  -1.7695752411969841e+02
  -1.6912021586221991e+02
  -1.7187677831643813e+02
  -1.7595459873067421e+02
  -1.7357621017149145e+02
  -1.7783492105096423e+02
  -1.7474342313537650e+02
  -1.7650119996707681e+02
  -1.7223131514970365e+02
  -1.7080727351212852e+02
  -1.7420710189046241e+02
  -1.7038747984692006e+02
  -1.7076587856752491e+02
  -1.8027139582147956e+02
  -1.7722083732799572e+02
  -1.7183131525137665e+02
  -1.7729100028165993e+02
  -1.7642374205824157e+02
  -1.7383374309550746e+02
  -1.7734837266041899e+02
  -1.7217261246296147e+02
  -1.7571475626300256e+02
  -1.7215685460313105e+02
  -1.7204635261022796e+02
  -1.6987434614003814e+02
  -1.7655479934772313e+02
  -1.7697297851236073e+02
  -1.7389889320852669e+02
  -1.7762687582838805e+02
  -1.7196843697588127e+02
  -1.7407336079697467e+02
  -1.7230066632160526e+02
  -1.7227656207403933e+02
  -1.7272352152821972e+02
  -1.7722607259883964e+02
  -1.7633841811911441e+02
  -1.7175804517414167e+02
  -1.7940673255940047e+02
  -1.7054585613339313e+02
  -1.7143285135986631e+02
  -1.7026797347157117e+02
  -1.7214971730348319e+02
  -1.7572208677481979e+02
  -1.7567018998149425e+02
  -1.7363456289485862e+02
  -1.7167167987082215e+02
  -1.8152030144061740e+02
  -1.7211324636652660e+02
  -1.7242411313933044e+02
  -1.7169086818190644e+02
  -1.7015770075307961e+02
  -1.7935388945234567e+02
  -1.7499475701815351e+02
  -1.6989003390383417e+02
  -1.7370027329816730e+02
  -1.7957876744039876e+02
  -1.7183444241456559e+02
  -1.6787582460201483e+02
  -1.6563301472582157e+02
  -1.8119741975327830e+02
  -1.7149517736183364e+02
  -1.7242667732004944e+02
  -1.8002841180486209e+02
  -1.7187615545188643e+02
  -1.6650354152351915e+02
  -1.7279965944396315e+02
  -1.6711693666183970e+02
  -1.6989747562205730e+02
  -1.7588546517315319e+02
  -1.7286698621162253e+02
  -1.7198232911346761e+02
  -1.6876356630265806e+02
  -1.7034262449624964e+02
  -1.6573160572999439e+02
  -1.6977105312701397e+02
  -1.6704688469074028e+02
  -1.6627030321916746e+02
  -1.7062793447823663e+02
  -1.6337346661357032e+02
  -1.8891090886767202e+02
  -1.7681317162260200e+02
  -1.6511217816946171e+02
  -1.6901624940125924e+02
  -1.6715624505227728e+02
  -1.6711785252178097e+02
  -1.6488252431286844e+02
  -1.6287764243575893e+02
  -1.6748498488511925e+02
  -1.8656428610556588e+02
  -1.6211368954001003e+02
  -1.7609843055599578e+02
  -1.6475731679668635e+02
  -1.7798933894655553e+02
  -1.7605558745427024e+02
  -1.6225321947327410e+02
  -1.6593128639154580e+02
  -1.6459273822724094e+02
  -1.7681233279498846e+02
  -1.7032498558289177e+02
  -1.8083204891759837e+02
  -1.7166335202027233e+02
  -1.6423388569794983e+02
  -1.6579621338350836e+02
  -1.7303415748756379e+02
  -1.7277180302540512e+02
  -1.6700177046029387e+02
  -1.7059528455488990e+02
  -1.6770751721834378e+02
  -1.6429032546764824e+02
  -1.6426800965140623e+02
  -1.6363047933696305e+02
  -1.6173702498463550e+02
  -1.6374569609667850e+02
  -1.9397539315068735e+02
  -1.8049241183731939e+02
  -1.6558290468511893e+02
  -1.6509570319594943e+02
  -1.5965266872068639e+02
  -1.7510959851976762e+02
  -1.7522333007812361e+02
  -1.6814529981055776e+02
  -1.6391428969978713e+02
  -1.7389150266515469e+02
  -1.6217998171273561e+02
  -1.7910176119933428e+02
  -1.7834329325026266e+02
  -1.7631476565788449e+02
  -1.7289744985080449e+02
  -1.6532916279098436e+02
  -1.6359691959245581e+02
  -1.6344595874311588e+02
  -1.6157424519425862e+02
  -1.6114892615150629e+02
  -1.9255443078497976e+02
  -1.7844038744959562e+02
  -1.6488003810096117e+02
  -1.6124796789722157e+02
  -1.8008782296138583e+02
  -1.6171926374176257e+02
  -1.5941801860402430e+02
  -1.5848686493504633e+02
  -1.5378018488095071e+02
  -1.9231303466266658e+02
  -1.5657416563665143e+02
  -1.5593802029267195e+02
  -1.8360000519941244e+02
  -1.5768481751365547e+02
  -1.8398731709176698e+02
  -1.8698105287454061e+02
  -1.8083182646285641e+02
  -1.8673756322915128e+02
  -1.6246346934860583e+02
  -1.7808679931310044e+02
  -1.8027753720313538e+02
  -1.7875986370541145e+02
  -1.6174778683184181e+02
  -1.5890323742958293e+02
  -1.8051877914240572e+02
  -1.8345165179323732e+02
  -1.6098475828984874e+02
  -1.5949118204217868e+02
  -1.8003998335305360e+02
  -1.7860214980019970e+02
  -1.8005212793419571e+02
  -1.5979823678571469e+02
  -1.6068731614247955e+02
  -1.5549509761203558e+02
  -1.8671238169064506e+02
  -1.8048194569126395e+02
  -1.7638655060442676e+02
  -1.6122745292135062e+02
  -1.7894279872538803e+02
  -1.6461828672043015e+02
  -1.5755689755508016e+02
  -1.6258331131362954e+02
  -1.7616859438601500e+02
  -1.6571676889718390e+02
  -1.7832608500992987e+02
  -1.6544496165632719e+02
  -1.8356020012755513e+02
  -1.8354268285202579e+02
  -1.8116492405286959e+02
  -1.7825451824437897e+02
  -1.7471976326242100e+02
  -1.8164087712865367e+02
  -1.7348826620854402e+02
  -1.6493566834578229e+02
  -1.7989187581082135e+02
  -1.8461776996511682e+02
  -1.7709768495198873e+02
  -1.7479135578442327e+02
  -1.6644249551638902e+02
  -1.6870716934072743e+02
  -1.7355035755083321e+02
  -1.6461993640366444e+02
  -1.7500044256821570e+02
  -1.6652085175109900e+02
  -1.7459878574111534e+02
  -1.6363728489192150e+02
  -1.6872157524530814e+02
  -1.7316732696776540e+02
  -1.7481790946886781e+02
  -1.7674038076226199e+02
  -1.6405680302432509e+02
  -1.7819773708523863e+02
  -1.6708055823181971e+02
  -1.7842637458547424e+02
  -1.6558783162713380e+02
  -1.6952948826986650e+02
  -1.6774346595888437e+02
  -1.7915691733612294e+02
  -1.6392529618179711e+02
  -1.8071476754576125e+02
  -1.6430779359649401e+02
  -1.7767221964452972e+02
  -1.7731317186168366e+02
  -1.7079562853277110e+02
  -1.6708947716735321e+02
  -1.7461884572167082e+02
  -1.7510284775873123e+02
  -1.7619528030130900e+02
  -1.7737436683977842e+02
  -1.7511197711875050e+02
  -1.7477257937167454e+02
  -1.6774498841908456e+02
  -1.8628568650118831e+02
  -1.6949082437957730e+02
  -1.6659191689923580e+02
  -1.6716407971214218e+02
  -1.7101230245070826e+02
  -1.7799223023176080e+02
  -1.7807963042789694e+02
  -1.7990482828187248e+02
  -1.6664738583021480e+02
  -1.7248295646812539e+02
  -1.6587893295218933e+02
  -1.7543207127660040e+02
  -1.7204513395255006e+02
  -1.7769039088603489e+02
  -1.7927574972184971e+02
  -1.7340346099746620e+02
  -1.7308056774813505e+02
  -1.7907740582410236e+02
  -1.7401687251068239e+02
  -1.7080775666075309e+02
  -1.7525453329091351e+02
  -1.7088172659619900e+02
  -1.7298573180647350e+02
  -1.6800740675881923e+02
  -1.8027833230942727e+02
  -1.6470003590504820e+02
  -1.7812380234496823e+02
  -1.6792094976480013e+02
  -1.7314582462064675e+02
  -1.7674262986743119e+02
  -1.7476829639083914e+02
  -1.7954626934751272e+02
  -1.6897159504543268e+02
  -1.7770779362079665e+02
  -1.7247716353668687e+02
  -1.7624156620181023e+02
  -1.7358933776749350e+02
  -1.7099637829870366e+02
  -1.7594056273823807e+02
  -1.7142472319548637e+02
  -1.7524422519523853e+02
  -1.7500637691300776e+02
  -1.7624138469218758e+02
  -1.6990948766467500e+02
  -1.6697255785447862e+02
  -1.7201544688590346e+02
  -1.6804659724934137e+02
  -1.7537056787136711e+02
  -1.7183926233894476e+02
  -1.7672401359598541e+02
  -1.7411180430019948e+02
  -1.7769483610085601e+02
  -1.7598302662623146e+02
  -1.7877630214626845e+02
  -1.7460016579131522e+02
  -1.7458441843980509e+02
  -1.7332765356510833e+02
  -1.7863574348314663e+02
  -1.7455105486496865e+02
  -1.7322131287391326e+02
  -1.7063912105015825e+02
  -1.7779555336881404e+02
  -1.7385180695706515e+02
  -1.7045425111603959e+02
  -1.7881623433635158e+02
  -1.7492783275881951e+02
  -1.7387364775412811e+02
  -1.7166720210282168e+02
  -1.7313322910164646e+02
  -1.7689324446591704e+02
  -1.8402562131656981e+02
  -1.7730894450662717e+02
  -1.7487565281325399e+02
  -1.7467321111923673e+02
  -1.7251985518105758e+02
  -1.7879827025831199e+02
  -1.7048399487433153e+02
  -1.7241926406804686e+02
  -1.7257700429242703e+02
  -1.7185233554913839e+02
  -1.7332837769006824e+02
  -1.6948380134344995e+02
  -1.7599309845591577e+02
  -1.8619957949102687e+02
  -1.7422620578441254e+02
  -1.7763082797312487e+02
  -1.7523809691768074e+02
  -1.6999972491958167e+02
  -1.7658459330295724e+02
  -1.7340654792753259e+02
  -1.7248272512427349e+02
  -1.7292306284377756e+02
  -1.7405670441123306e+02
  -1.7195428691652734e+02
  -1.7083613802432828e+02
  -1.7399032085938569e+02
  -1.7824119903601778e+02
  -1.7004140714807309e+02
  -1.7734809334761195e+02
  -1.7650772698263140e+02
  -1.7477467255575627e+02
  -1.7442303039582470e+02
  -1.7842721182795725e+02
  -1.6949692618811966e+02
  -1.8295417011641118e+02
  -1.7430032068449381e+02
  -1.7783898075116815e+02
  -1.7822054210180184e+02
  -1.6948394248528237e+02
  -1.7438130070548991e+02
  -1.6977288873651472e+02
  -1.7298448950258313e+02
  -1.7836645816908668e+02
  -1.7343326714448756e+02
  -1.7127792456699768e+02
  -1.7715499225823584e+02
  -1.7686041664470864e+02
  -1.7019954574779530e+02
  -1.7281053572768229e+02
  -1.7714582753204158e+02
  -1.7602167526062058e+02
  -1.8008426972113131e+02
  -1.7096136418354365e+02
  -1.7198273672450443e+02
  -1.7747604532616515e+02
  -1.7223297565186033e+02
  -1.7503520593444352e+02
  -1.7816210118790428e+02
  -1.7877388860951817e+02
  -1.7111538635364681e+02
  -1.7841660791629593e+02
  -1.7323924844563194e+02
  -1.7259135684428108e+02
  -1.7581679405671233e+02
  -1.7886384357358722e+02
  -1.7449007775454047e+02
  -1.7146406892555189e+02
  -1.6913229530737638e+02
  -1.7328724002019828e+02
  -1.7282930719294558e+02
  -1.7128773918607138e+02
  -1.7999035170133607e+02
  -1.7387449535196677e+02
  -1.7495825564921182e+02
  -1.7340095262845310e+02
  -1.8127280779727406e+02
  -1.8616007974891681e+02
  -1.7103078817293775e+02
  -1.7836470853278638e+02
  -1.7356220868019315e+02
  -1.7433663233522159e+02
  -1.6952170093115669e+02
  -1.7919244911363847e+02
  -1.7399427709178607e+02
  -1.7294445525765673e+02
  -1.7753895712691053e+02
  -1.8247528806403795e+02
  -1.7741609606680555e+02
  -1.7634339787514998e+02
  -1.7898469988454193e+02
  -1.7871330243847859e+02
  -1.7419896946865893e+02
  -1.7263781810921969e+02
  -1.7547913569223843e+02
  -1.7303035279813460e+02
  -1.7024402563844447e+02
  -1.8041076414050892e+02
  -1.7569735983448351e+02
  -1.8029524402930269e+02
  -1.7788922409589892e+02
  -1.7667082363186137e+02
  -1.7366542922712904e+02
  -1.7578946829578587e+02
  -1.7612287842025256e+02
  -1.7834276839003059e+02
  -1.7917032981268812e+02
  -1.8012088097603606e+02
  -1.7618154571066913e+02
