ARMA_MAT_TXT_FN008
1000 1
  -2.3621625718347173e+02
  -2.3295630549269666e+02
  -2.3622883079551764e+02
  -2.3456653491433178e+02
  -2.3359540709746648e+02
  -2.3398056097789464e+02
  -2.3420556390414046e+02
  -2.3374129824955438e+02
  -2.3294823033245851e+02
  -2.3343421969774084e+02
  -2.3313821332641220e+02
  -2.3255140043993441e+02
  -2.3090059132109965e+02
  -2.3216959798326883e+02
  -2.3190218050072002e+02
  -2.3229036850397915e+02
  -2.2997527680555848e+02
  -2.3127183666456168e+02
  -2.3098377953217144e+02
  -2.2973707578269210e+02
  -2.3180695325837010e+02
  -2.2971123149425489e+02
  -2.3098368835950873e+02
  -2.2868817609486536e+02
  -2.2937129839532986e+02
  -2.2911077294026194e+02
  -2.2858928853496300e+02
  -2.2814240481882837e+02
  -2.2794129946231155e+02
  -2.2892457064353169e+02
  -2.2757197868622052e+02
  -2.2779107282606319e+02
  -2.2861631432753714e+02
  -2.2766352747388490e+02
  -2.2731449959183709e+02
  -2.2681242784513313e+02
  -2.2716358063596809e+02
  -2.2633584549414178e+02
  -2.2666886368850510e+02
  -2.2610192143400727e+02
  -2.2497933094221329e+02
  -2.2548492859139120e+02
  -2.2458691383361383e+02
  -2.2511831621101356e+02
  -2.2465794373552950e+02
  -2.2433383816705202e+02
  -2.2399158228600402e+02
  -2.2533122777194899e+02
  -2.2493564748420732e+02
  -2.2340995571015321e+02
  -2.2423154968383085e+02
  -2.2382671662762968e+02
  -2.2297076004082729e+02
  -2.2256117478375950e+02
  -2.2318811464806575e+02
  -2.2210520060520540e+02
  -2.2192152722210434e+02
  -2.2233060258258624e+02
  -2.2272621453737236e+02
  -2.2212384062731314e+02
  -2.2135411461770033e+02
  -2.2244907859717003e+02
  -2.2140312065249776e+02
  -2.2034938852740558e+02
  -2.1893381154314557e+02
  -2.2107334325197539e+02
  -2.1999089776004038e+02
  -2.1969774995295705e+02
  -2.1920471560937472e+02
  -2.2041963993146382e+02
  -2.1990268977962990e+02
  -2.1970413610760653e+02
  -2.1917810585274600e+02
  -2.1890727788436419e+02
  -2.1787613647132676e+02
  -2.1855468619203378e+02
  -2.1844495061806859e+02
  -2.1791320070371586e+02
  -2.1744176411937400e+02
  -2.1773901400685801e+02
  -2.1796649619163941e+02
  -2.1711133874332893e+02
  -2.1797159564372734e+02
  -2.1855721541480017e+02
  -2.1567161610618339e+02
  -2.1735236640275508e+02
  -2.1594818035331465e+02
  -2.1684412279238967e+02
  -2.1717809208024264e+02
  -2.1447022030317018e+02
  -2.1559156025389430e+02
  -2.1695416433011655e+02
  -2.1559908814012547e+02
  -2.1593259488007990e+02
  -2.1652663042419098e+02
  -2.1542019979437447e+02
  -2.1545931343219704e+02
  -2.1477496674486378e+02
  -2.1303291500249861e+02
  -2.1512603436538728e+02
  -2.1302922375185162e+02
  -2.1462686728850676e+02
  -2.1398613189383752e+02
  -2.1313456867876621e+02
  -2.1397608400225764e+02
  -2.1419683750970617e+02
  -2.1320869351422635e+02
  -2.1300924201130491e+02
  -2.1233757373013731e+02
  -2.1112269564021784e+02
  -2.1246044616583924e+02
  -2.1235998189465116e+02
  -2.1093282113516256e+02
  -2.1106597797215633e+02
  -2.1121672637912201e+02
  -2.1122432761187130e+02
  -2.1203168347163245e+02
  -2.1075845741071723e+02
  -2.1173797465641215e+02
  -2.1105849236499552e+02
  -2.1070499353808577e+02
  -2.0914510213104614e+02
  -2.0948421922819867e+02
  -2.0904545964641312e+02
  -2.0885325503069882e+02
  -2.0984006403122717e+02
  -2.0761321616799222e+02
  -2.0849187667367244e+02
  -2.0885623548308470e+02
  -2.0905305079948684e+02
  -2.0855182391849416e+02
  -2.0837125350401649e+02
  -2.0768590118722031e+02
  -2.0861509618831161e+02
  -2.0779735580418765e+02
  -2.0736520599168932e+02
  -2.0779424977025081e+02
  -2.0511189893096025e+02
  -2.0813418753794372e+02
  -2.0631871670398266e+02
  -2.0708017190383734e+02
  -2.0631643194942495e+02
  -2.0751385267194456e+02
  -2.0694790979654377e+02
  -2.0774008389471183e+02
  -2.0627479626552199e+02
  -2.0568007674566644e+02
  -2.0620231469619131e+02
  -2.0606058060769701e+02
  -2.0608493567385352e+02
  -2.0601255023220583e+02
  -2.0514706889217840e+02
  -2.0502589770288785e+02
  -2.0520841957620712e+02
  -2.0373868466863402e+02
  -2.0368202928143580e+02
  -2.0468297046432997e+02
  -2.0344941582812447e+02
  -2.0372378583602287e+02
  -2.0313236106269636e+02
  -2.0425428869379977e+02
  -2.0206728008547503e+02
  -2.0409897741711254e+02
  -2.0396375843576612e+02
  -2.0407229188947238e+02
  -2.0188876309635583e+02
  -2.0274668541565998e+02
  -2.0322065627479518e+02
  -2.0178002723160628e+02
  -2.0268201996369240e+02
  -2.0351425755593854e+02
  -2.0182112299735573e+02
  -2.0316765651499603e+02
  -2.0147326213347142e+02
  -2.0162370431711059e+02
  -2.0021760282473170e+02
  -2.0266901466837081e+02
  -2.0061846000436540e+02
  -2.0085644062512355e+02
  -2.0019478362439523e+02
  -2.0007193249892399e+02
  -2.0015983786052971e+02
  -1.9999753560915553e+02
  -2.0017977614029124e+02
  -1.9838416115183401e+02
  -1.9991439498304285e+02
  -2.0047243653449283e+02
  -1.9934389480227142e+02
  -1.9966090237689158e+02
  -1.9848840370288897e+02
  -1.9837061291578587e+02
  -1.9765036543702962e+02
  -1.9855998840216085e+02
  -1.9900714243162699e+02
  -1.9897023355833358e+02
  -1.9854751205976731e+02
  -1.9766502062768672e+02
  -1.9662875563935054e+02
  -1.9836289532651199e+02
  -1.9757980423343818e+02
  -1.9677335745136409e+02
  -1.9588102731023898e+02
  -1.9759664065828531e+02
  -1.9712460899342804e+02
  -1.9696701928922550e+02
  -1.9724862680914975e+02
  -1.9628785179513247e+02
  -1.9596052973754621e+02
  -1.9674768663476237e+02
  -1.9654747627363972e+02
  -1.9777273719356853e+02
  -1.9373201412550091e+02
  -1.9523497327171432e+02
  -1.9626304110233656e+02
  -1.9653749385564240e+02
  -1.9532576619591543e+02
  -1.9593301717766909e+02
  -1.9548010162199756e+02
  -1.9490368004609226e+02
  -1.9471379140950529e+02
  -1.9370803356121408e+02
  -1.9367506691255073e+02
  -1.9428909901930706e+02
  -1.9394435449108002e+02
  -1.9386135115777091e+02
  -1.9289186096932238e+02
  -1.9435471243187484e+02
  -1.9340650619768451e+02
  -1.9399122940307126e+02
  -1.9409577778882223e+02
  -1.9137799808420576e+02
  -1.9156077038763732e+02
  -1.9214608511348800e+02
  -1.9257915538991463e+02
  -1.9209787966348892e+02
  -1.9233089838165026e+02
  -1.9198991409575629e+02
  -1.9058546281115889e+02
  -1.9065101813329429e+02
  -1.9164307612413637e+02
  -1.9198879371377120e+02
  -1.9184544020089518e+02
  -1.9007124214217333e+02
  -1.9144043348048515e+02
  -1.9123692784703383e+02
  -1.9106353725239586e+02
  -1.9016784545197942e+02
  -1.9075832678290587e+02
  -1.9048322245987680e+02
  -1.8975589597451545e+02
  -1.8965444466866427e+02
  -1.9002747916504774e+02
  -1.8927568924805828e+02
  -1.8987218227384872e+02
  -1.9068425008712515e+02
  -1.9050834205515864e+02
  -1.8885226315171292e+02
  -1.8879704070092777e+02
  -1.8899634318508646e+02
  -1.8853427637254606e+02
  -1.8967628349988917e+02
  -1.8942928331230794e+02
  -1.8908116575448395e+02
  -1.8802084792635753e+02
  -1.8848552566454657e+02
  -1.8825183390124636e+02
  -1.8701826198184344e+02
  -1.8749552944059056e+02
  -1.8781912014853589e+02
  -1.8783866958622485e+02
  -1.8726564229042970e+02
  -1.8878095025822293e+02
  -1.8855512964103681e+02
  -1.8714999032152264e+02
  -1.8702811969359044e+02
  -1.8801825344659636e+02
  -1.8632461158649295e+02
  -1.8767676747825229e+02
  -1.8621044199529229e+02
  -1.8602783590579770e+02
  -1.8493243249715897e+02
  -1.8615692982792453e+02
  -1.8633234460398353e+02
  -1.8521167697706673e+02
  -1.8582640161069565e+02
  -1.8639985896559381e+02
  -1.8429167854906939e+02
  -1.8502395413372125e+02
  -1.8471374743373707e+02
  -1.8543586381929140e+02
  -1.8440173387852934e+02
  -1.8646562829147541e+02
  -1.8475948535278465e+02
  -1.8414042371345573e+02
  -1.8457587237993428e+02
  -1.8340487068517854e+02
  -1.8485785887392808e+02
  -1.8383831582757358e+02
  -1.8466920520063309e+02
  -1.8365740605107939e+02
  -1.8343484926202922e+02
  -1.8458039988404187e+02
  -1.8359396161464019e+02
  -1.8419370610260913e+02
  -1.8230045045663235e+02
  -1.8342864288494047e+02
  -1.8420644810544209e+02
  -1.8293641857953864e+02
  -1.8275623883145792e+02
  -1.8288065928908574e+02
  -1.8230969945844024e+02
  -1.8298227865092352e+02
  -1.8326485222253149e+02
  -1.8312128751485523e+02
  -1.8192491421158317e+02
  -1.8257578314738572e+02
  -1.8177669042900604e+02
  -1.7993820488335882e+02
  -1.8191432484084243e+02
  -1.8188916478613396e+02
  -1.8102285736243866e+02
  -1.8104514488219954e+02
  -1.8064432239480325e+02
  -1.8156688657131082e+02
  -1.7995218549039390e+02
  -1.8098404043388058e+02
  -1.8135510191156482e+02
  -1.8051952285057214e+02
  -1.8006972105549701e+02
  -1.7892148187864575e+02
  -1.8108039043469091e+02
  -1.7978435357702000e+02
  -1.8004632956654842e+02
  -1.8041572065788088e+02
  -1.8014741621565216e+02
  -1.7965478823849702e+02
  -1.7945432269624010e+02
  -1.7877742805915310e+02
  -1.7895698008238341e+02
  -1.8070682837242560e+02
  -1.7914963124408686e+02
  -1.7813608907636242e+02
  -1.7952758386575448e+02
  -1.7886438521224849e+02
  -1.7850202640735756e+02
  -1.7746241259763238e+02
  -1.7777496207607345e+02
  -1.7829685266472208e+02
  -1.7749850124226703e+02
  -1.7910934734887149e+02
  -1.7819072480603177e+02
  -1.7716940735024534e+02
  -1.7679241807236971e+02
  -1.7691809462890990e+02
  -1.7781360481702993e+02
  -1.7826494938136099e+02
  -1.7794334608671821e+02
  -1.7745873946622930e+02
  -1.7712151233698043e+02
  -1.7606391673766595e+02
  -1.7593981410538476e+02
  -1.7677018207274676e+02
  -1.7745776816642925e+02
  -1.7685050622275952e+02
  -1.7535064928892868e+02
  -1.7646483651924362e+02
  -1.7706643009620041e+02
  -1.7659991453538100e+02
  -1.7547608104738043e+02
  -1.7563342737101692e+02
  -1.7647860234707923e+02
  -1.7660018385162022e+02
  -1.7536256841060313e+02
  -1.7575832650011873e+02
  -1.7488104299095954e+02
  -1.7553871118875259e+02
  -1.7513814357072681e+02
  -1.7574390068395954e+02
  -1.7483168909607758e+02
  -1.7511172130056664e+02
  -1.7445786026920666e+02
  -1.7431935771872929e+02
  -1.7345645854264987e+02
  -1.7363223652651914e+02
  -1.7409174000147308e+02
  -1.7323007651492119e+02
  -1.7392352589275393e+02
  -1.7472793225195153e+02
  -1.7355880074152370e+02
  -1.7418628315254216e+02
  -1.7389228348671841e+02
  -1.7359494172914404e+02
  -1.7402045781760546e+02
  -1.7300745997795383e+02
  -1.7282544080693074e+02
  -1.7332861374057651e+02
  -1.7264233141378858e+02
  -1.7247080261951655e+02
  -1.7349108463759521e+02
  -1.7318070671960149e+02
  -1.7287028582042797e+02
  -1.7161530595845588e+02
  -1.7223983081761500e+02
  -1.7322153884193850e+02
  -1.7306936320795859e+02
  -1.7301652563253626e+02
  -1.7324497174501442e+02
  -1.7266130228889662e+02
  -1.7074583241298325e+02
  -1.7205611768163445e+02
  -1.7201821796889703e+02
  -1.7282275983046367e+02
  -1.7217085508544082e+02
  -1.7024980127085502e+02
  -1.7196336046578162e+02
  -1.7131577357687968e+02
  -1.7116895188442430e+02
  -1.7095213812198517e+02
  -1.7224869806029213e+02
  -1.7109138974716089e+02
  -1.7110906566429148e+02
  -1.7075302365066216e+02
  -1.7081801640034391e+02
  -1.7072758227369323e+02
  -1.7080406500272562e+02
  -1.6876508186363625e+02
  -1.7010456897549744e+02
  -1.6991715125581362e+02
  -1.7035874585601019e+02
  -1.6801798674239913e+02
  -1.6856438825256808e+02
  -1.6944811245221825e+02
  -1.6814931417539827e+02
  -1.6996394412001302e+02
  -1.6889472941171988e+02
  -1.7009778169188027e+02
  -1.6871841343814231e+02
  -1.6921948482439174e+02
  -1.6982949985972778e+02
  -1.7012538889811705e+02
  -1.6843584143312674e+02
  -1.6798908285728908e+02
  -1.6743293658400498e+02
  -1.6758913646918421e+02
  -1.6845113570915737e+02
  -1.6865311728370978e+02
  -1.6740867474817202e+02
  -1.6560681764097779e+02
  -1.6780113832259232e+02
  -1.6723301730141341e+02
  -1.6720203274132476e+02
  -1.6726345034228498e+02
  -1.6796816590763677e+02
  -1.6780079184154994e+02
  -1.6757073397374396e+02
  -1.6702665260303357e+02
  -1.6783142238063303e+02
  -1.6642999138498837e+02
  -1.6817074900736998e+02
  -1.6667990443009077e+02
  -1.6758344945387185e+02
  -1.6621975619976658e+02
  -1.6632757652897249e+02
  -1.6535038331015650e+02
  -1.6726548096511033e+02
  -1.6470480928242199e+02
  -1.6637777076381551e+02
  -1.6667565085137915e+02
  -1.6589950678513077e+02
  -1.6520466162039384e+02
  -1.6679133811525398e+02
  -1.6468674968109931e+02
  -1.6507451339732998e+02
  -1.6488656694898373e+02
  -1.6557854425214649e+02
  -1.6575260656471789e+02
  -1.6434992170140524e+02
  -1.6503669112985696e+02
  -1.6487881931884840e+02
  -1.6645894536746550e+02
  -1.6656188196736665e+02
  -1.6528156716022858e+02
  -1.6425930233175905e+02
  -1.6474247942260314e+02
  -1.6453872501681775e+02
  -1.6410905384607531e+02
  -1.6477437420098684e+02
  -1.6477436414495702e+02
  -1.6437641675216395e+02
  -1.6485816576036851e+02
  -1.6367151316114473e+02
  -1.6373000369642546e+02
  -1.6442386852923858e+02
  -1.6469678822233769e+02
  -1.6375311381783740e+02
  -1.6295682324339822e+02
  -1.6388563796523633e+02
  -1.6226288030447697e+02
  -1.6387713336456966e+02
  -1.6340743644652167e+02
  -1.6185997052206758e+02
  -1.6301326033494405e+02
  -1.6226700721143033e+02
  -1.6232371160033080e+02
  -1.6200396340715770e+02
  -1.6247089389211104e+02
  -1.6241455437810490e+02
  -1.6217658499571533e+02
  -1.6248788865936933e+02
  -1.6181425873785298e+02
  -1.6276928329592650e+02
  -1.6215481274309778e+02
  -1.6394927211092121e+02
  -1.6235487701451007e+02
  -1.6190669139000539e+02
  -1.6167548250078940e+02
  -1.6185467047934762e+02
  -1.6130477734470182e+02
  -1.6190516248046083e+02
  -1.6196606166917161e+02
  -1.6154344443721487e+02
  -1.6061819457953979e+02
  -1.6260572112928187e+02
  -1.6082937724340192e+02
  -1.6202215917363290e+02
  -1.6143593023080606e+02
  -1.6038086483318864e+02
  -1.6179737071920482e+02
  -1.6092484958476803e+02
  -1.6059797392855367e+02
  -1.5981898793438447e+02
  -1.6084715936534045e+02
  -1.6104812938806842e+02
  -1.6079647227704129e+02
  -1.6067775074033403e+02
  -1.6057519872809053e+02
  -1.6015931114786375e+02
  -1.6060569639392085e+02
  -1.6016044537152791e+02
  -1.6126614822637416e+02
  -1.5966921074169770e+02
  -1.6040669879730530e+02
  -1.5973830109251853e+02
  -1.5975045553280597e+02
  -1.5945701549251248e+02
  -1.6002316390009258e+02
  -1.5989891699924868e+02
  -1.5963642825270568e+02
  -1.5944666172795743e+02
  -1.6028854032032007e+02
  -1.5810193242316717e+02
  -1.5894141998903089e+02
  -1.5879784095444307e+02
  -1.5907385035406014e+02
  -1.5814099466367799e+02
  -1.5839592459696891e+02
  -1.5865598314721566e+02
  -1.5908889066001868e+02
  -1.5828873975362697e+02
  -1.5828202766947879e+02
  -1.5915041337701825e+02
  -1.5825315960763544e+02
  -1.5745324352184079e+02
  -1.5824246974302588e+02
  -1.5791187634769099e+02
  -1.5819957750270640e+02
  -1.5729721740194739e+02
  -1.5772580026681192e+02
  -1.5694888861907486e+02
  -1.5665595160819919e+02
  -1.5716121511339341e+02
  -1.5724931084483322e+02
  -1.5687894066639018e+02
  -1.5714234335118985e+02
  -1.5651950750453341e+02
  -1.5769809392409431e+02
  -1.5634223146913482e+02
  -1.5678124790298062e+02
  -1.5650076698800652e+02
  -1.5663586855711054e+02
  -1.5656959243495359e+02
  -1.5735800207579248e+02
  -1.5665769339507341e+02
  -1.5596439529752243e+02
  -1.5565443044846720e+02
  -1.5622472206445622e+02
  -1.5717935881854746e+02
  -1.5676976462916355e+02
  -1.5607685332224946e+02
  -1.5678148881348451e+02
  -1.5525151862969099e+02
  -1.5643326720976754e+02
  -1.5477592651416128e+02
  -1.5721638012277359e+02
  -1.5549675579955735e+02
  -1.5636474872698156e+02
  -1.5546764877838223e+02
  -1.5619759578619858e+02
  -1.5444399529121901e+02
  -1.5485403736479810e+02
  -1.5493181164400778e+02
  -1.5607991243121941e+02
  -1.5496378772398654e+02
  -1.5410437145429256e+02
  -1.5521908466330316e+02
  -1.5550251851936198e+02
  -1.5466893752299836e+02
  -1.5456305520112525e+02
  -1.5483595966846261e+02
  -1.5443591865951038e+02
  -1.5346413180200548e+02
  -1.5467524215139497e+02
  -1.5410641515884140e+02
  -1.5437205111972781e+02
  -1.5536943657897345e+02
  -1.5485541163954753e+02
  -1.5438683798369968e+02
  -1.5364182070301587e+02
  -1.5526368346311477e+02
  -1.5442063899428086e+02
  -1.5449690876526219e+02
  -1.5443035256539585e+02
  -1.5260908902292275e+02
  -1.5479976283139808e+02
  -1.5331354219606553e+02
  -1.5332101032481265e+02
  -1.5412589405895633e+02
  -1.5332593779817341e+02
  -1.5388174254394181e+02
  -1.5254514334062162e+02
  -1.5294420022530727e+02
  -1.5241730848318983e+02
  -1.5333673931073051e+02
  -1.5143200596762063e+02
  -1.5330803793186382e+02
  -1.5303515603186344e+02
  -1.5171505360431186e+02
  -1.5265801510758337e+02
  -1.5247831306291866e+02
  -1.5254091683511922e+02
  -1.5206730560168606e+02
  -1.5251618373284100e+02
  -1.5340582627320438e+02
  -1.5193086760554635e+02
  -1.5248586934852884e+02
  -1.5168643686051863e+02
  -1.5223506374244835e+02
  -1.5215087640039766e+02
  -1.5184843558467372e+02
  -1.5095303876389286e+02
  -1.5070900754387927e+02
  -1.5264081502887910e+02
  -1.5189419174632334e+02
  -1.5147630492320442e+02
  -1.5192060659762117e+02
  -1.5099197081422051e+02
  -1.5181979577457554e+02
  -1.5036413645600931e+02
  -1.5196466423596397e+02
  -1.5055087175280892e+02
  -1.4973317579971516e+02
  -1.5114545999229222e+02
  -1.5152376418264339e+02
  -1.5169519968925607e+02
  -1.5117953438314521e+02
  -1.5053294896952951e+02
  -1.5123205078838956e+02
  -1.5045217850670275e+02
  -1.5086072459792459e+02
  -1.5085208051444707e+02
  -1.5083319874054132e+02
  -1.5040998333960641e+02
  -1.5102825403097719e+02
  -1.5024420597078634e+02
  -1.5035050631663566e+02
  -1.4977284990287930e+02
  -1.4959400659050596e+02
  -1.4890222145801690e+02
  -1.5106334000911855e+02
  -1.5079690792742886e+02
  -1.5026516370659994e+02
  -1.4980972286905978e+02
  -1.4971054191073935e+02
  -1.4922535539699297e+02
  -1.4940575762679148e+02
  -1.5075420989365344e+02
  -1.4857320216958195e+02
  -1.4952063847095846e+02
  -1.4921010812631380e+02
  -1.4824868237479427e+02
  -1.4974086307344953e+02
  -1.5011276173893086e+02
  -1.4898572972214430e+02
  -1.4936681166978863e+02
  -1.4859481990589251e+02
  -1.4875065990586151e+02
  -1.4928643659571023e+02
  -1.4884981155722059e+02
  -1.4879606173197826e+02
  -1.4780071728409209e+02
  -1.4918837365112176e+02
  -1.4829514663712504e+02
  -1.4772371287972405e+02
  -1.4921953033355010e+02
  -1.4870022138024635e+02
  -1.4819864238880288e+02
  -1.4877755570472593e+02
  -1.4846726389528851e+02
  -1.4749254251528274e+02
  -1.4847964900056340e+02
  -1.4733602774782125e+02
  -1.4767815573142994e+02
  -1.4853775862276413e+02
  -1.4825470175964648e+02
  -1.4805348863975971e+02
  -1.4897498675214405e+02
  -1.4794251043868894e+02
  -1.4678219312123571e+02
  -1.4753935320823251e+02
  -1.4745682866321076e+02
  -1.4654425241630568e+02
  -1.4792327494197295e+02
  -1.4714700286221534e+02
  -1.4562498893380112e+02
  -1.4626053215024052e+02
  -1.4856249495281691e+02
  -1.4645278767523627e+02
  -1.4710900026481906e+02
  -1.4605452467632219e+02
  -1.4642310237122456e+02
  -1.4619766694521152e+02
  -1.4641331250637805e+02
  -1.4824249436686671e+02
  -1.4650103405323617e+02
  -1.4639797176497126e+02
  -1.4555426181907737e+02
  -1.4682689753305260e+02
  -1.4695057484746602e+02
  -1.4622841699207902e+02
  -1.4592326133318087e+02
  -1.4615306846477827e+02
  -1.4631159976699632e+02
  -1.4579239471711293e+02
  -1.4566962453480613e+02
  -1.4564692956869925e+02
  -1.4616619405629305e+02
  -1.4552179643498818e+02
  -1.4583758655255059e+02
  -1.4577250600482677e+02
  -1.4544996280954737e+02
  -1.4575311416464308e+02
  -1.4553965232580015e+02
  -1.4595755860724901e+02
  -1.4485745961334516e+02
  -1.4473299218153323e+02
  -1.4487151246069863e+02
  -1.4531958932141123e+02
  -1.4433583703453297e+02
  -1.4540586187284444e+02
  -1.4590781417858176e+02
  -1.4494460962894715e+02
  -1.4470658424604764e+02
  -1.4545987038800050e+02
  -1.4499346179487250e+02
  -1.4474333473214213e+02
  -1.4491888959115650e+02
  -1.4479891445780183e+02
  -1.4506540345706563e+02
  -1.4483088121312696e+02
  -1.4508550795357883e+02
  -1.4417762096574364e+02
  -1.4448254695170465e+02
  -1.4399752060359745e+02
  -1.4387594581090875e+02
  -1.4400220000815258e+02
  -1.4408434971163072e+02
  -1.4390735139317590e+02
  -1.4378459459421339e+02
  -1.4451052245240697e+02
  -1.4345964664744380e+02
  -1.4399778094486234e+02
  -1.4433916384083665e+02
  -1.4396080504743406e+02
  -1.4429304127776709e+02
  -1.4334279605007973e+02
  -1.4408584653869312e+02
  -1.4408693616934207e+02
  -1.4346990013322778e+02
  -1.4319904396452694e+02
  -1.4417376153873556e+02
  -1.4364925070312049e+02
  -1.4384440215031472e+02
  -1.4381049880334209e+02
  -1.4273748246458172e+02
  -1.4352605248889526e+02
  -1.4262177014682163e+02
  -1.4278742354994799e+02
  -1.4271284311444188e+02
  -1.4303107211654063e+02
  -1.4281531617873014e+02
  -1.4300713139833763e+02
  -1.4257532355117382e+02
  -1.4226142649228174e+02
  -1.4265996215228398e+02
  -1.4219861845168646e+02
  -1.4274485224045327e+02
  -1.4210633055129782e+02
  -1.4225444590563092e+02
  -1.4274835734881245e+02
  -1.4197606092123704e+02
  -1.4284975869593484e+02
  -1.4264356947198991e+02
  -1.4255629225977941e+02
  -1.4236392357197784e+02
  -1.4239194422294926e+02
  -1.4202057377559947e+02
  -1.4233926708217834e+02
  -1.4130797784018756e+02
  -1.4254504701631089e+02
  -1.4097219522400826e+02
  -1.4143509743319532e+02
  -1.4192379319348021e+02
  -1.4171433472475658e+02
  -1.4061077650424414e+02
  -1.4166519375741262e+02
  -1.4203172120577341e+02
  -1.4164447930863525e+02
  -1.4161435676616816e+02
  -1.4106560549195370e+02
  -1.4008039771424930e+02
  -1.4132399491680678e+02
  -1.4197953669955447e+02
  -1.4023908965921009e+02
  -1.4029258857328992e+02
  -1.4105608731710751e+02
  -1.4123738192404375e+02
  -1.4142375322734654e+02
  -1.4128899508114256e+02
  -1.4115361611235727e+02
  -1.4072684450864574e+02
  -1.4087340655167847e+02
  -1.4137467445583985e+02
  -1.4135916438131451e+02
  -1.3959975835820461e+02
  -1.4060893452837132e+02
  -1.3966133972784755e+02
  -1.4136113038230584e+02
  -1.4056374520991463e+02
  -1.4002514297086546e+02
  -1.3999656902701238e+02
  -1.4026022799895617e+02
  -1.3953086496758084e+02
  -1.4001094718126555e+02
  -1.4029493683474402e+02
  -1.4012168707087523e+02
  -1.3991864485865855e+02
  -1.4103363503329592e+02
  -1.3949192209498264e+02
  -1.3962962450303252e+02
  -1.3967505022510733e+02
  -1.3975116232311390e+02
  -1.3900599962494812e+02
  -1.4020931620102959e+02
  -1.3947164645116095e+02
  -1.3870355025223134e+02
  -1.3874797605938932e+02
  -1.3990620284523260e+02
  -1.3958103452564134e+02
  -1.3826737446490318e+02
  -1.4000183521700041e+02
  -1.4003854835952936e+02
  -1.4009006786892414e+02
  -1.3924468015946965e+02
  -1.3925607955294649e+02
  -1.3995354435011487e+02
  -1.3880709206415099e+02
  -1.3980769599102058e+02
  -1.3943064144635380e+02
  -1.3953796686396760e+02
  -1.3929895900107607e+02
  -1.3940982755910792e+02
  -1.3849076528669377e+02
  -1.3889037431598294e+02
  -1.3840417306254608e+02
  -1.3879338562556885e+02
  -1.3935264931833424e+02
  -1.3845572933139709e+02
  -1.3862449838860957e+02
  -1.3881562577382817e+02
  -1.3889385602672630e+02
  -1.3921502324428690e+02
  -1.3836535730346856e+02
  -1.3821819521548952e+02
  -1.3792050075303322e+02
  -1.3783000455182301e+02
  -1.3820258542110699e+02
  -1.3757134020468058e+02
  -1.3822126476528453e+02
  -1.3796751729807730e+02
  -1.3833720420164647e+02
  -1.3764110517009129e+02
  -1.3867833071681230e+02
  -1.3812980684481624e+02
  -1.3767409795577046e+02
  -1.3806559526673067e+02
  -1.3749935538734843e+02
  -1.3764424037133875e+02
  -1.3737338915239664e+02
  -1.3757730799900514e+02
  -1.3794203885931159e+02
  -1.3762619280497577e+02
  -1.3778193772961151e+02
  -1.3797647485435576e+02
  -1.3724437874049903e+02
  -1.3762845186065380e+02
  -1.3741445228754293e+02
  -1.3684619615695203e+02
  -1.3727120097321659e+02
  -1.3752040210588703e+02
  -1.3672390721238091e+02
  -1.3764002612956031e+02
  -1.3660645426956214e+02
  -1.3701953937053037e+02
  -1.3716849561042048e+02
  -1.3616404373363486e+02
  -1.3697975860544258e+02
  -1.3653000609460972e+02
  -1.3678848534917012e+02
  -1.3721744186054309e+02
  -1.3625380969315663e+02
  -1.3669421725018162e+02
  -1.3696053273541369e+02
  -1.3718823533465832e+02
  -1.3652486013231626e+02
  -1.3625164794124507e+02
  -1.3648398119054474e+02
  -1.3597604539749878e+02
  -1.3640450437736553e+02
  -1.3661506407455033e+02
  -1.3661645372591295e+02
  -1.3683137271503597e+02
  -1.3693833566442208e+02
  -1.3647185650606139e+02
  -1.3651479293873112e+02
  -1.3595040863599490e+02
  -1.3537947632531754e+02
  -1.3693057920199269e+02
  -1.3598236002606856e+02
  -1.3562712392309112e+02
  -1.3625911451433711e+02
  -1.3584477212399622e+02
  -1.3557564997118337e+02
  -1.3591688401204675e+02
  -1.3596174955532888e+02
  -1.3545131492105159e+02
  -1.3516519719414975e+02
  -1.3593415937705296e+02
  -1.3574157517875406e+02
  -1.3582343971244720e+02
  -1.3529572888633459e+02
  -1.3555681576136240e+02
  -1.3571563796014919e+02
  -1.3469640852879562e+02
  -1.3521504325715168e+02
  -1.3517368090311308e+02
  -1.3508394317603845e+02
  -1.3466138248509861e+02
  -1.3496248280980114e+02
  -1.3464050599621834e+02
  -1.3497082882045888e+02
  -1.3478724099511791e+02
  -1.3478964588641338e+02
  -1.3479725722748370e+02
  -1.3464281976620711e+02
  -1.3468317491115215e+02
  -1.3450309273426740e+02
  -1.3561421035210836e+02
  -1.3431722950774281e+02
  -1.3531744402870200e+02
  -1.3511377535228866e+02
  -1.3489208130590447e+02
  -1.3453106970932848e+02
  -1.3366588767177851e+02
  -1.3437985639995480e+02
  -1.3443087979679112e+02
  -1.3434707297411467e+02
  -1.3365149307355620e+02
  -1.3400853763585098e+02
  -1.3374184639637440e+02
  -1.3354087866811275e+02
  -1.3471807570015807e+02
  -1.3414166179272303e+02
  -1.3491270743735120e+02
  -1.3464124825277850e+02
  -1.3416206661138091e+02
  -1.3368088039243571e+02
  -1.3403263916888181e+02
  -1.3403508080983977e+02
  -1.3344224075019679e+02
  -1.3397926611390733e+02
