0.000000000000000000e+00 4.772607021092117180e-02 1.205542754668341293e-01
1.000000000000000000e+00 3.173238794109961569e-02 1.992747266129517580e-01
2.000000000000000000e+00 1.666666666666665603e-02 1.320984481362290353e-01
3.000000000000000000e+00 1.379412113103906101e-02 1.594848477651298890e-01
4.000000000000000000e+00 4.270375991772984436e-02 2.559337479374952373e-01
5.000000000000000000e+00 1.184389200295989097e-02 1.911641964385590586e-01
6.000000000000000000e+00 1.602948671805948591e-02 1.992747266129517580e-01
7.000000000000000000e+00 3.924637279772204279e-02 8.501225401866094322e-02
8.000000000000000000e+00 1.712900399257870701e-02 1.495984207804346988e-01
9.000000000000000000e+00 2.239946675952600788e-02 1.775542757393730464e-01
1.000000000000000000e+01 7.120003121097956932e-03 1.871608043011855071e-01
1.100000000000000000e+01 1.214781644759437527e-02 1.851533711098270196e-01
1.200000000000000000e+01 9.166666666666684060e-03 1.595632058673510378e-01
1.300000000000000000e+01 3.166666666666664853e-02 1.414508159514583086e-01
1.400000000000000000e+01 1.897549589455949093e-02 1.658453722598251523e-01
1.500000000000000000e+01 5.351855856720277166e-02 1.263036189769187467e-01
1.600000000000000000e+01 3.683672684216723892e-02 9.451080185178124815e-02
1.700000000000000000e+01 1.536590742882145907e-02 9.653906808472234591e-02
1.800000000000000000e+01 4.444878451031528122e-02 8.255679862979185824e-02
1.900000000000000000e+01 8.252945602093296473e-02 4.009104222474972612e-02
2.000000000000000000e+01 4.331830668948687818e-02 4.826278975566991591e-02
2.100000000000000000e+01 3.493172905031245723e-02 3.801983446176479542e-02
2.200000000000000000e+01 2.249192081028453249e-02 4.359169648687881427e-02
2.300000000000000000e+01 3.449073005996604324e-02 2.297618927145009954e-02
2.400000000000000000e+01 3.230527267120820306e-02 2.284315862207618106e-02
2.500000000000000000e+01 3.369918451375877866e-02 2.314052301350471783e-02
2.600000000000000000e+01 2.161241831526558577e-02 2.942734835795107404e-02
2.700000000000000000e+01 3.256145698372198138e-02 1.852754319306347541e-02
2.800000000000000000e+01 3.442330097729748989e-02 1.684833444877909675e-02
2.900000000000000000e+01 2.628893029209779936e-02 2.280777276934150763e-02
3.000000000000000000e+01 2.471597009055806482e-02 1.606724405055851360e-02
3.100000000000000000e+01 1.615729599826946222e-02 1.793821000699925491e-02
3.200000000000000000e+01 1.695407503418445982e-02 1.815697666449598430e-02
3.300000000000000000e+01 2.192801116405934322e-02 1.503576465464924808e-02
3.400000000000000000e+01 1.030226896740401785e-02 1.477530133778649432e-02
3.500000000000000000e+01 8.927792082182093095e-03 1.562306303098245398e-02
3.600000000000000000e+01 1.095801956636507576e-02 1.238515356419098504e-02
3.700000000000000000e+01 1.839139126247507985e-02 1.229829943306437988e-02
3.800000000000000000e+01 4.716130734606791865e-03 1.805690558187389438e-02
3.900000000000000000e+01 1.266756449411935055e-02 8.959927675772727182e-03
4.000000000000000000e+01 9.836379963958077552e-03 1.437028005760215832e-02
4.100000000000000000e+01 4.894040909142025227e-03 1.341320117872695471e-02
4.200000000000000000e+01 8.060605742497313833e-03 1.250909601504466596e-02
4.300000000000000000e+01 2.941454955237138551e-03 1.556956719788615308e-02
4.400000000000000000e+01 9.312326678569770796e-03 7.768626809160009659e-03
4.500000000000000000e+01 6.800067098448568659e-03 1.099954500124318904e-02
4.600000000000000000e+01 9.509461448583755513e-03 7.229676271738617703e-03
4.700000000000000000e+01 7.859949763781633181e-03 9.191218931810584553e-03
4.800000000000000000e+01 3.046986287141383379e-03 1.436582410662083815e-02
4.900000000000000000e+01 5.264089579965624578e-03 8.298425676800325751e-03
5.000000000000000000e+01 6.596329299552559575e-03 6.747580483159048778e-03
5.100000000000000000e+01 5.078711320986029065e-03 8.391130921107844629e-03
5.200000000000000000e+01 6.679804889522408980e-03 6.079427728239611937e-03
5.300000000000000000e+01 6.246802041681164680e-03 6.030293205939239558e-03
5.400000000000000000e+01 5.657624426036455233e-03 9.477824580723099093e-03
5.500000000000000000e+01 5.201134984341617383e-03 7.464350773429378506e-03
5.600000000000000000e+01 2.382026640051848956e-03 8.452814708756740264e-03
5.700000000000000000e+01 3.217147691696645335e-03 7.204518556430692354e-03
5.800000000000000000e+01 2.616752221395451418e-03 7.504909550907243147e-03
5.900000000000000000e+01 4.190536947682038660e-03 5.127900341877177082e-03
6.000000000000000000e+01 3.599031501905826727e-03 6.406103147979012521e-03
6.100000000000000000e+01 2.393251008718244328e-03 7.371632320295383456e-03
6.200000000000000000e+01 2.727254891979466554e-03 7.652250724565845021e-03
6.300000000000000000e+01 3.414628591774776165e-03 5.999531459395537891e-03
6.400000000000000000e+01 1.708681400630213988e-03 6.649009983265120362e-03
6.500000000000000000e+01 2.670813200166053183e-03 5.544699345183850409e-03
6.600000000000000000e+01 4.078050667128743471e-03 5.603069629384923971e-03
6.700000000000000000e+01 3.490330108523171174e-03 4.891402204140530424e-03
6.800000000000000000e+01 2.114688789231085851e-03 5.634015505537900634e-03
6.900000000000000000e+01 3.351818526457302563e-03 3.868824904358090459e-03
7.000000000000000000e+01 1.883230336222643537e-03 6.772792141568616774e-03
7.100000000000000000e+01 2.536845616951574275e-03 4.158004060767114297e-03
7.200000000000000000e+01 2.641632712935208360e-03 4.289905154955182473e-03
7.300000000000000000e+01 1.863700053671990065e-03 5.713526329036116083e-03
7.400000000000000000e+01 2.975251568559179709e-03 3.618206413457024807e-03
7.500000000000000000e+01 1.823291285940654505e-03 4.939602257450849236e-03
7.600000000000000000e+01 2.018061805266753699e-03 4.523716396942321569e-03
7.700000000000000000e+01 2.575006943500939612e-03 3.694145693188420534e-03
7.800000000000000000e+01 2.282096720172110699e-03 3.971782869640584461e-03
7.900000000000000000e+01 2.710990397107921127e-03 4.862665190992027271e-03
8.000000000000000000e+01 2.686646515713082915e-03 5.013825356135813947e-03
8.100000000000000000e+01 6.646289777875998093e-04 6.300062940739726940e-03
8.200000000000000000e+01 2.633214183518126517e-03 3.243663099689218614e-03
8.300000000000000000e+01 2.180072496717491703e-03 3.276659918801108021e-03
8.400000000000000000e+01 3.612791927529014711e-03 2.825412030329900286e-03
8.500000000000000000e+01 2.001851004293483775e-03 3.383355142680856062e-03
8.600000000000000000e+01 2.619490235154172970e-03 3.187511662231203545e-03
8.700000000000000000e+01 2.445176261272666556e-03 3.323506632762678568e-03
8.800000000000000000e+01 1.915617438801514539e-03 3.552030419163439059e-03
8.900000000000000000e+01 2.070560480457161404e-03 4.328754248477874322e-03
9.000000000000000000e+01 3.118730521135949178e-03 3.227361865621075892e-03
9.100000000000000000e+01 2.718499129451223701e-03 2.844760044685237712e-03
9.200000000000000000e+01 1.977663305746396680e-03 4.063256266699921161e-03
9.300000000000000000e+01 1.539751526872791933e-03 3.428504781194103949e-03
9.400000000000000000e+01 1.850900525429662827e-03 2.843658737492781464e-03
9.500000000000000000e+01 2.854806877530356203e-03 2.920928439240545130e-03
9.600000000000000000e+01 2.262827673666273180e-03 2.419643335268212032e-03
9.700000000000000000e+01 2.077755200595915452e-03 2.509401922182463284e-03
9.800000000000000000e+01 1.791648618150688474e-03 2.938826658971199508e-03
9.900000000000000000e+01 1.153365739844165478e-03 3.357728602741530659e-03
