0.000000000000000000e+00 1.164570193465896096e-02 4.652597683558809018e-03 8.955240518246532222e-02 1.751135857414818364e-01
1.000000000000000000e+00 9.480536800331567857e-03 4.076239020425182977e-03 1.059727554321943099e-01 1.427603345403248014e-01
2.000000000000000000e+00 6.926877808390188677e-03 3.630812478071495340e-03 7.622067493440076724e-02 1.614912259200310118e-01
3.000000000000000000e+00 4.224404937878113893e-03 3.273586462435300326e-03 2.769572784303209190e-02 1.594287259200309892e-01
4.000000000000000000e+00 3.232437786538572451e-03 3.175429431358802422e-03 3.490928480071464612e-02 1.610537259200309768e-01
5.000000000000000000e+00 2.946108222421400108e-03 3.142532620930666657e-03 2.059666608180477088e-02 1.352724759200309990e-01
6.000000000000000000e+00 2.846183236928350162e-03 3.145072654525786927e-03 2.457391425851818134e-02 1.389287259200309710e-01
7.000000000000000000e+00 2.894868298934543446e-03 3.131402716455012648e-03 2.574416699905160422e-02 1.468662259200310127e-01
8.000000000000000000e+00 2.973395551463819692e-03 3.151096742924564247e-03 2.061640599487002401e-02 1.467073357414818702e-01
9.000000000000000000e+00 3.071235538567270492e-03 3.153868416895621533e-03 2.519898208633464254e-02 1.650849759200309630e-01
1.000000000000000000e+01 3.492234293278190672e-03 3.188799998316799861e-03 3.519568916971621553e-02 1.657099759200310052e-01
1.100000000000000000e+01 3.988297013046369563e-03 3.230691299387716386e-03 3.645726791366532549e-02 1.410537259200310145e-01
1.200000000000000000e+01 4.138670587520154598e-03 3.223739170179018652e-03 4.736986445576230054e-02 1.536760857414818382e-01
1.300000000000000000e+01 4.958549777646377443e-03 3.348840880718857282e-03 3.915817493440076902e-02 1.605849759200310145e-01
1.400000000000000000e+01 6.100949555945769064e-03 3.514295089282984830e-03 5.067014837620631429e-02 1.661787259200309674e-01
1.500000000000000000e+01 7.225816848194832435e-03 3.708074886713106592e-03 6.565650724025573481e-02 1.898323357414818391e-01
1.600000000000000000e+01 7.791068107416874826e-03 3.810485394044900616e-03 6.855101791366535746e-02 1.762073357414818409e-01
1.700000000000000000e+01 7.830333661446713459e-03 3.851378549530429327e-03 6.330378285919402437e-02 1.938662259200309990e-01
1.800000000000000000e+01 9.170126430341020429e-03 4.113779674628986922e-03 6.629514837620631429e-02 1.737385857414818213e-01
1.900000000000000000e+01 9.480991428952640146e-03 4.166066935395895676e-03 6.888909105472607042e-02 1.777724759200309812e-01
2.000000000000000000e+01 1.011855233653499372e-02 4.338965679739535675e-03 7.333112430642818591e-02 2.034573357414818373e-01
2.100000000000000000e+01 1.019230282213937772e-02 4.343155953034539760e-03 7.678428480071464168e-02 1.798037259200309657e-01
2.200000000000000000e+01 9.932592876545730601e-03 4.261587530136677453e-03 6.811490518246532400e-02 1.788323357414818293e-01
2.300000000000000000e+01 1.046213664181391313e-02 4.393518522870184552e-03 7.527454852785520067e-02 1.719287259200310003e-01
2.400000000000000000e+01 1.058893418557852080e-02 4.408398664659080382e-03 6.874329852785510120e-02 1.622385857414818666e-01
2.500000000000000000e+01 1.071298238754413504e-02 4.427171094616173114e-03 6.633704852785515804e-02 1.895823357414818666e-01
2.600000000000000000e+01 1.062400413509956808e-02 4.401062404948566723e-03 7.488472468454054898e-02 1.628635857414818533e-01
2.700000000000000000e+01 1.076401456340546868e-02 4.448750588625835153e-03 6.899870079501158049e-02 1.649885857414818968e-01
2.800000000000000000e+01 1.100206701714981535e-02 4.458263575653772549e-03 7.240650724025576856e-02 1.616135857414818799e-01
2.900000000000000000e+01 1.140642913495965027e-02 4.612171299026048693e-03 6.908503285919398440e-02 1.678349759200309932e-01
3.000000000000000000e+01 1.120002784897090181e-02 4.528858863651537628e-03 8.371361445576230853e-02 1.765510857414818169e-01
3.100000000000000000e+01 1.089172568309619039e-02 4.369116067174634924e-03 8.018166699905160399e-02 1.534739517783003659e-01
3.200000000000000000e+01 1.170178568033774028e-02 4.653248465360082520e-03 9.105736445576229077e-02 1.907099759200309719e-01
3.300000000000000000e+01 1.074135531451938727e-02 4.338078242524404625e-03 6.072847468454056763e-02 1.330510857414818338e-01
3.400000000000000000e+01 1.146313454537863617e-02 4.551931256664623962e-03 7.004987430642817259e-02 1.752724759200309790e-01
3.500000000000000000e+01 1.086477551007877275e-02 4.382584646077987249e-03 7.204534105472604200e-02 1.629885857414818950e-01
3.600000000000000000e+01 1.097015802882738214e-02 4.354525618453458299e-03 6.633704852785515804e-02 1.454287259200309768e-01
3.700000000000000000e+01 1.116206132750704495e-02 4.462437875985418405e-03 9.327995079501161246e-02 1.750537259200309892e-01
3.800000000000000000e+01 1.078643417632454450e-02 4.309479174521135131e-03 5.883045660144350930e-02 1.431787259200310025e-01
3.900000000000000000e+01 1.088515723511857165e-02 4.306717891542866279e-03 6.302541699905161998e-02 1.506787259200310092e-01
4.000000000000000000e+01 1.051613702853271270e-02 4.255587728917010863e-03 6.196369943632440425e-02 1.546448357414818009e-01
4.100000000000000000e+01 1.065543904965362415e-02 4.277792001135878597e-03 5.941597468454051789e-02 1.517099759200309927e-01
4.200000000000000000e+01 1.057944791725105166e-02 4.257477713592456789e-03 6.619053480071468432e-02 1.778974759200309674e-01
4.300000000000000000e+01 1.089174388817579046e-02 4.355487366726091235e-03 6.868620079501153164e-02 1.541448357414818560e-01
4.400000000000000000e+01 1.098110691864039382e-02 4.346521217628191401e-03 8.496361445576239291e-02 1.624885857414818391e-01
4.500000000000000000e+01 1.044936779426656678e-02 4.139596354377763840e-03 5.455378285919398884e-02 1.315763983762062717e-01
4.600000000000000000e+01 1.070875956674069082e-02 4.307645242741242608e-03 6.111994943632448329e-02 1.462290845403247941e-01
4.700000000000000000e+01 1.014207662825711460e-02 4.075258059083121213e-03 6.011170660144349309e-02 1.365510857414818924e-01
4.800000000000000000e+01 1.052274526705958453e-02 4.226841505004250502e-03 5.718244943632444510e-02 1.786162259200310132e-01
4.900000000000000000e+01 9.973157998431007865e-03 4.009191433887243465e-03 6.784678480071459905e-02 1.355364517783003431e-01
5.000000000000000000e+01 1.016129233381074179e-02 4.084602645999563415e-03 5.640690164382466953e-02 1.419826483762063329e-01
5.100000000000000000e+01 1.022047302781169467e-02 4.143888578071261951e-03 5.383861445576232363e-02 1.523323357414818613e-01
5.200000000000000000e+01 1.017667613125125547e-02 4.063936665557145618e-03 4.970949894846810047e-02 1.321448357414818364e-01
5.300000000000000000e+01 9.865702875761710178e-03 4.020389397961524058e-03 5.605579852785513850e-02 1.341760857414818764e-01
5.400000000000000000e+01 9.465727286525763354e-03 3.874913981848983422e-03 5.295545660144349021e-02 1.449912259200309972e-01
5.500000000000000000e+01 9.505013016931570385e-03 3.908767112694208623e-03 6.140111445576235116e-02 1.416448357414817893e-01
5.600000000000000000e+01 9.572614282040007791e-03 3.909969350587657114e-03 6.859567493440071884e-02 1.335849759200309905e-01
5.700000000000000000e+01 9.796919881696215457e-03 4.019700153005396730e-03 5.187525724025576768e-02 1.735510857414818142e-01
5.800000000000000000e+01 9.647762457148852458e-03 3.849668986615120431e-03 5.102619943632447086e-02 1.151355226833801759e-01
5.900000000000000000e+01 9.639848693041961833e-03 3.930831128838676788e-03 5.680579852785516692e-02 1.618323357414818142e-01
6.000000000000000000e+01 9.267182624868452664e-03 3.761217563405675271e-03 6.106553480071463813e-02 1.242412259200310065e-01
6.100000000000000000e+01 9.442658567868513972e-03 3.821787456057231143e-03 6.239615518246532933e-02 1.258699285448795224e-01
6.200000000000000000e+01 9.329451717385191939e-03 3.795632996399598419e-03 5.962099456780567408e-02 1.106787259200309737e-01
6.300000000000000000e+01 8.977576165808694164e-03 3.645329226769562000e-03 5.675025724025573037e-02 1.191614517783003424e-01
6.400000000000000000e+01 9.132475987541587709e-03 3.772370951180787496e-03 5.627619943632444777e-02 1.387099759200309812e-01
6.500000000000000000e+01 9.596381589926612082e-03 3.729502299535749927e-03 9.315111445576229610e-02 1.112668634042301985e-01
6.600000000000000000e+01 9.476420899004451767e-03 3.812967873222441843e-03 8.203428480071461859e-02 1.563323357414818648e-01
6.700000000000000000e+01 9.003509857317498061e-03 3.705556888081146857e-03 4.871361445576238847e-02 1.076355226833801693e-01
6.800000000000000000e+01 8.414383399340315262e-03 3.500228359760980314e-03 4.129036101993216468e-02 1.145537259200309910e-01
6.900000000000000000e+01 8.922334980944343630e-03 3.701710237579468234e-03 5.105378285919404124e-02 1.180823357414818586e-01
7.000000000000000000e+01 8.286925163848731998e-03 3.588023085990381562e-03 3.873962207788131384e-02 1.338349759200309630e-01
7.100000000000000000e+01 8.403965672678936211e-03 3.491810938613589769e-03 4.682901356834001660e-02 1.035849759200309639e-01
7.200000000000000000e+01 8.243171690939181395e-03 3.482624446670289867e-03 4.242420660144349820e-02 1.303974759200309808e-01
7.300000000000000000e+01 9.229957138504191194e-03 3.670950165819824099e-03 9.368620079501155384e-02 1.225612007950115379e-01
7.400000000000000000e+01 8.889193072336532692e-03 3.553108245743651257e-03 7.237803480071458573e-02 1.231474759200310021e-01
7.500000000000000000e+01 8.303486134164267049e-03 3.429691595197002698e-03 5.118349456780568740e-02 1.348349759200309639e-01
7.600000000000000000e+01 8.572295545120369592e-03 3.519149813857324477e-03 5.152611445576238403e-02 1.210823357414818613e-01
7.700000000000000000e+01 7.873951075907678274e-03 3.346935132874007037e-03 3.457283454032478165e-02 1.256448357414818862e-01
7.800000000000000000e+01 8.093856526183320840e-03 3.404076103740870732e-03 4.734245079501153697e-02 1.271162259200309674e-01
7.900000000000000000e+01 8.116535076869008797e-03 3.393274385348711650e-03 5.180666699905162043e-02 1.101614517783003622e-01
8.000000000000000000e+01 8.054617873115753335e-03 3.414901697803824840e-03 4.599486445576228544e-02 1.083974759200309612e-01
8.100000000000000000e+01 7.811392227399307185e-03 3.332676184973122884e-03 4.360784105472603756e-02 1.108010857414818418e-01
8.200000000000000000e+01 7.921578472107905153e-03 3.283937665434489422e-03 5.449486445576234850e-02 1.101824285448795293e-01
8.300000000000000000e+01 7.511552630873512618e-03 3.282763802230395569e-03 4.492601791366535036e-02 1.158037259200309643e-01
8.400000000000000000e+01 7.737652846039673460e-03 3.273990924309233379e-03 4.705240518246533998e-02 1.037698357414817973e-01
8.500000000000000000e+01 7.528856602441172038e-03 3.251060671210642683e-03 4.630666699905161554e-02 1.188037259200309670e-01
8.600000000000000000e+01 7.392648668516915364e-03 3.213985058084762193e-03 4.518244943632443444e-02 1.183037259200309665e-01
8.700000000000000000e+01 7.457542732292122070e-03 3.240410802899232768e-03 3.749128285919400838e-02 9.964483574148186307e-02
8.800000000000000000e+01 7.249628229052360560e-03 3.183954017318761567e-03 3.618349456780567408e-02 1.256474759200310043e-01
8.900000000000000000e+01 7.477360873984187709e-03 3.178873322899941622e-03 4.136351791366532638e-02 1.049885857414818435e-01
9.000000000000000000e+01 7.815002675189305220e-03 3.208831770693591507e-03 5.223670660144349998e-02 1.330849759200309901e-01
9.100000000000000000e+01 7.381718071521844657e-03 3.094487888884724872e-03 4.127429669862703321e-02 9.963552268338017603e-02
9.200000000000000000e+01 7.801363958943996653e-03 3.280321122285593648e-03 4.646474456780569362e-02 1.440510857414818435e-01
9.300000000000000000e+01 7.187652338678926153e-03 3.106518014700134292e-03 4.175972468454047792e-02 1.015849759200309621e-01
9.400000000000000000e+01 8.571955867880887842e-03 3.370253878212462525e-03 6.181120079501156717e-02 1.473948357414818222e-01
9.500000000000000000e+01 7.740649656763619671e-03 3.145124344339026486e-03 5.455660276403634379e-02 1.042412259200309887e-01
9.600000000000000000e+01 8.749023188257558717e-03 3.254260036592449695e-03 6.224870079501154674e-02 9.000520177830034774e-02
9.700000000000000000e+01 6.658012668295542648e-03 2.987314481984222961e-03 3.753428480071463458e-02 1.073349759200309950e-01
9.800000000000000000e+01 6.880260604089940418e-03 2.968315993585048020e-03 4.726048945576233340e-02 1.000105226833801764e-01
9.900000000000000000e+01 6.629120943275623040e-03 2.985447160530734553e-03 4.837890883644946349e-02 1.178193509200309852e-01
1.000000000000000000e+02 7.025518855495234243e-03 3.030384925129396383e-03 5.669053480071462037e-02 1.102881009200309959e-01
1.010000000000000000e+02 6.340142156794850541e-03 2.868796942101211993e-03 3.891673945576235027e-02 8.485060092003099408e-02
1.020000000000000000e+02 6.992254967732538899e-03 2.986361569328121850e-03 4.620504993440077701e-02 1.014417107414818942e-01
1.030000000000000000e+02 7.236502013299862639e-03 2.964203690500352099e-03 4.292420660144349864e-02 1.024792726833801820e-01
1.040000000000000000e+02 7.627739072255604845e-03 3.133009799733999044e-03 5.634245079501154496e-02 1.469104607414818409e-01
1.050000000000000000e+02 6.482387192191583006e-03 2.835581754524089254e-03 3.258723601993215868e-02 9.503645177830036261e-02
1.060000000000000000e+02 6.149950743879642294e-03 2.829171984838826492e-03 4.251048945576230143e-02 1.134131009200309848e-01
1.070000000000000000e+02 5.956479296501542703e-03 2.771949287510010705e-03 3.336026356834001505e-02 9.617872592003096077e-02
1.080000000000000000e+02 6.223295029279682193e-03 2.847022993255613876e-03 5.263557443632438382e-02 1.009417107414818382e-01
1.090000000000000000e+02 6.032545820054718844e-03 2.848142283554163778e-03 2.914295660144350375e-02 9.778810092003098475e-02
1.100000000000000000e+02 6.047868817943340310e-03 2.776849236085888756e-03 2.729173945576235383e-02 9.355372592003097232e-02
1.110000000000000000e+02 7.172723611637862526e-03 2.970684451840137699e-03 4.755126052175473461e-02 1.005354607414818968e-01
1.120000000000000000e+02 7.730305370454595634e-03 3.002167858042211531e-03 5.536490518246528492e-02 1.000730226833801695e-01
1.130000000000000000e+02 6.365273657675498548e-03 2.791337381828294748e-03 3.579219515252396455e-02 8.855207677830034818e-02
1.140000000000000000e+02 5.902896766650464824e-03 2.765097048816068156e-03 3.414365980071465412e-02 1.006006009200309803e-01
1.150000000000000000e+02 5.951418951090650666e-03 2.734190207355015594e-03 4.522923945576229343e-02 9.270733574148182221e-02
1.160000000000000000e+02 6.006897075699151566e-03 2.699372562966205567e-03 3.155078383644949191e-02 8.455207677830034463e-02
1.170000000000000000e+02 5.647161111016336249e-03 2.718771266043334533e-03 3.039615518246530090e-02 1.114104607414818648e-01
1.180000000000000000e+02 5.900170377008356545e-03 2.674261213485535499e-03 2.781664291366536812e-02 8.322560092003100651e-02
1.190000000000000000e+02 5.952423642779071378e-03 2.760936488740188804e-03 3.848737430642812374e-02 8.261358574148180978e-02
1.200000000000000000e+02 6.840931259130298564e-03 2.845924230804123319e-03 5.373670660144350131e-02 1.028818509200309927e-01
1.210000000000000000e+02 7.457069459691541974e-03 2.921501283025703961e-03 5.893620079501160625e-02 8.037921074148179912e-02
1.220000000000000000e+02 7.562458931835061571e-03 2.952447747443381031e-03 5.427226040026689180e-02 1.002568509200310043e-01
1.230000000000000000e+02 5.629504465861503472e-03 2.604482385369535739e-03 2.901795660144348976e-02 7.722575889867867860e-02
1.240000000000000000e+02 6.326828995037506002e-03 2.759382147238470008e-03 4.854557579501161957e-02 9.373858574148186129e-02
1.250000000000000000e+02 6.016894249137067809e-03 2.672556198372198419e-03 3.970545660144350619e-02 7.736989768338017881e-02
1.260000000000000000e+02 5.440156159928393256e-03 2.634333646985197609e-03 2.789220371828626810e-02 8.447560092003097987e-02
1.270000000000000000e+02 6.232554268687964631e-03 2.730988543632103475e-03 4.360038540026689446e-02 9.655372592003097498e-02
1.280000000000000000e+02 6.254670651572973895e-03 2.675222718740685127e-03 3.661628285919404924e-02 8.036638389867867271e-02
1.290000000000000000e+02 6.297582614129457711e-03 2.699130081312630779e-03 4.981553480071465589e-02 8.633864768338017637e-02
1.300000000000000000e+02 5.332675198317246568e-03 2.585131957527901647e-03 3.123307579501155562e-02 1.090042107414818107e-01
1.310000000000000000e+02 5.316269702745418484e-03 2.557398810789372496e-03 2.686848601993216401e-02 7.731671074148183109e-02
1.320000000000000000e+02 5.530309480609875428e-03 2.560963554726066165e-03 3.589753285919405901e-02 7.352082677830035218e-02
1.330000000000000000e+02 5.185966934708492217e-03 2.578277992194593759e-03 2.606935092003098697e-02 1.093037259200310141e-01
1.340000000000000000e+02 5.386130850855001297e-03 2.575846875827992287e-03 2.868983160144350508e-02 8.790114768338017082e-02
1.350000000000000000e+02 5.223451730128369705e-03 2.515496939546650861e-03 2.752833391819525799e-02 7.497927268338017148e-02
1.360000000000000000e+02 5.574153090564831770e-03 2.608431268339255361e-03 2.995997592003096788e-02 1.056943509200309883e-01
1.370000000000000000e+02 5.338317773956002127e-03 2.500192873307443327e-03 3.440111445576232718e-02 6.980739768338017903e-02
1.380000000000000000e+02 5.508337520781894474e-03 2.578750720916537717e-03 4.372932443632437938e-02 7.652617854487953064e-02
1.390000000000000000e+02 6.447285041158789566e-03 2.671249200498631692e-03 4.567487430642813706e-02 8.220564704032479186e-02
1.400000000000000000e+02 5.890544543287750887e-03 2.555254970134458303e-03 3.773670660144348710e-02 8.400271018338018036e-02
1.410000000000000000e+02 6.738140645647477424e-03 2.740299859339695183e-03 5.237799930642816904e-02 9.237921074148180978e-02
1.420000000000000000e+02 4.988509564326364630e-03 2.429745516270920194e-03 2.491959268246535242e-02 7.165896018338016593e-02
1.430000000000000000e+02 5.116461283726630831e-03 2.463194330224192322e-03 3.152115518246534354e-02 8.198708518338018725e-02
1.440000000000000000e+02 4.547196897373974485e-03 2.398298280596914724e-03 2.771361445576236981e-02 8.526983574148183642e-02
1.450000000000000000e+02 5.291715954913307936e-03 2.470752988696126376e-03 2.990892695576230498e-02 7.695583518338017237e-02
1.460000000000000000e+02 4.790820658647144091e-03 2.436509725603137368e-03 2.373876052175472040e-02 8.076466342003096877e-02
1.470000000000000000e+02 4.933498339373980010e-03 2.401629208777234393e-03 2.318659535919398440e-02 7.211208518338016460e-02
1.480000000000000000e+02 4.963414477946173284e-03 2.420979066820524127e-03 2.373526356834002038e-02 7.608513389867867238e-02
1.490000000000000000e+02 4.639844524548554505e-03 2.386386842635718035e-03 2.691786956780567452e-02 7.158497592003099097e-02
1.500000000000000000e+02 4.837842768779543681e-03 2.424533684368714893e-03 2.636483473450856874e-02 8.440528842003097720e-02
1.510000000000000000e+02 4.658850952525299058e-03 2.372526955259597788e-03 2.661205195576232807e-02 6.782302268338016860e-02
1.520000000000000000e+02 4.892952047657510642e-03 2.439416243168623065e-03 2.783112430642808999e-02 9.335577324148180978e-02
1.530000000000000000e+02 5.760157077739544093e-03 2.467473051287963001e-03 3.583826910144349842e-02 7.958083518338018858e-02
1.540000000000000000e+02 5.085128358100607718e-03 2.465185701162201162e-03 3.317379993440072727e-02 9.295733574148179468e-02
1.550000000000000000e+02 5.485074847579689966e-03 2.459185884420724173e-03 4.318236445576228988e-02 8.797927268338018303e-02
1.560000000000000000e+02 5.926436696878662619e-03 2.532025755566831137e-03 3.935807579501160447e-02 7.622296074148182665e-02
1.570000000000000000e+02 4.381191243409932393e-03 2.348756909770773060e-03 2.103841085617527695e-02 8.237139824148187461e-02
1.580000000000000000e+02 4.762002393665268341e-03 2.331502491036259016e-03 2.492677141819524267e-02 7.597927268338017237e-02
1.590000000000000000e+02 4.273311341206594352e-03 2.292842312017516655e-03 1.846809835617527901e-02 7.976052268338018614e-02
1.600000000000000000e+02 4.401960688804846394e-03 2.344626427626383351e-03 3.093272230071464346e-02 7.483497592003096610e-02
1.610000000000000000e+02 5.208026221564348614e-03 2.343342441585345975e-03 3.389158657996899082e-02 6.514763389867866961e-02
1.620000000000000000e+02 4.564023084248418523e-03 2.338539439270850753e-03 4.035423945576233073e-02 7.795997592003101051e-02
1.630000000000000000e+02 4.278669658782362564e-03 2.299236516144398130e-03 2.584678480071467277e-02 7.398708518338018014e-02
1.640000000000000000e+02 4.404627296984183274e-03 2.284093468240542320e-03 1.940754851993214958e-02 7.454177268338016416e-02
1.650000000000000000e+02 4.380347490774943835e-03 2.288919993479771476e-03 2.858115980071462836e-02 7.216046074148185774e-02
1.660000000000000000e+02 4.350889890749156004e-03 2.263545239442168837e-03 2.243983160144349953e-02 7.166310092003097543e-02
1.670000000000000000e+02 4.254282088323872377e-03 2.261918516448667600e-03 2.260126540560927766e-02 7.021364768338017592e-02
1.680000000000000000e+02 4.248973861201906302e-03 2.281119754518212087e-03 3.180510284303206259e-02 8.795733574148179024e-02
1.690000000000000000e+02 4.976805731481245311e-03 2.333407035167088875e-03 2.934073681048882110e-02 7.511208518338016726e-02
1.700000000000000000e+02 5.569815832828899256e-03 2.467391487625296680e-03 3.915924930642811219e-02 8.471514824148185241e-02
1.710000000000000000e+02 5.212755559083051028e-03 2.319730378866619383e-03 3.471326910144348354e-02 7.189333518338017481e-02
1.720000000000000000e+02 4.144849182662134479e-03 2.256269394211959066e-03 2.664330195576236626e-02 8.523858574148179823e-02
1.730000000000000000e+02 4.309446524039897176e-03 2.258719992915403721e-03 3.255768680642812107e-02 7.654591342003097543e-02
1.740000000000000000e+02 4.028467109679822501e-03 2.214644803538909010e-03 1.699934835617527423e-02 7.645583518338017193e-02
1.750000000000000000e+02 4.847833602349034543e-03 2.344055837588664062e-03 3.333045660144348665e-02 8.509646018338018481e-02
1.760000000000000000e+02 5.812526584150013234e-03 2.430866712129666277e-03 4.387018680642817969e-02 6.699138389867867471e-02
1.770000000000000000e+02 5.973485265530575558e-03 2.451396199166930561e-03 4.245545660144350864e-02 8.908864768338017881e-02
1.780000000000000000e+02 4.200399509500437126e-03 2.243783330534862130e-03 2.481671074148183997e-02 8.690264824148186129e-02
1.790000000000000000e+02 4.795468279061266929e-03 2.261055936490191480e-03 2.887409535919405190e-02 6.908513389867866616e-02
1.800000000000000000e+02 3.899709847471216802e-03 2.170974230380252629e-03 2.411170660144348887e-02 7.272146018338018769e-02
1.810000000000000000e+02 5.079938157768641022e-03 2.290611054097538204e-03 3.460745006559928783e-02 8.277614768338018014e-02
1.820000000000000000e+02 5.942256541404940771e-03 2.430612161619259606e-03 4.734245079501153697e-02 7.056502204032477632e-02
1.830000000000000000e+02 4.076473803829152275e-03 2.183292817577161659e-03 2.578428480071459639e-02 7.261989768338017459e-02
1.840000000000000000e+02 4.536442177255526134e-03 2.246157320719133037e-03 2.983112430642809176e-02 6.649138389867867427e-02
1.850000000000000000e+02 4.105829714049951187e-03 2.197657160285824106e-03 2.152611445576235738e-02 7.370583518338016948e-02
1.860000000000000000e+02 4.006182627553383016e-03 2.144006883089344222e-03 1.728678018246532222e-02 6.661989768338016926e-02
1.870000000000000000e+02 4.017310486322577326e-03 2.193635535547455544e-03 3.039443206780567674e-02 7.726466342003096566e-02
1.880000000000000000e+02 4.464575761965560233e-03 2.171992549261100771e-03 2.856511842365819231e-02 6.355739768338017348e-02
1.890000000000000000e+02 3.774758102928987401e-03 2.166858697036710274e-03 2.253198388274829655e-02 8.434796074148187550e-02
1.900000000000000000e+02 4.122716333155796581e-03 2.145562274987369410e-03 2.423319790026684517e-02 6.506521018338018436e-02
1.910000000000000000e+02 3.865562830739658826e-03 2.113153374786943227e-03 2.114330195576230587e-02 6.904177268338018703e-02
1.920000000000000000e+02 4.055374461045292700e-03 2.152562330921801905e-03 2.451014410144350397e-02 7.726833518338016571e-02
1.930000000000000000e+02 4.328271443729910309e-03 2.197309280089872890e-03 2.785807579501153874e-02 6.775700889867866672e-02
1.940000000000000000e+02 3.771195707432039787e-03 2.118111479399468686e-03 2.761837953774515242e-02 6.232302268338016371e-02
1.950000000000000000e+02 4.565749753059268612e-03 2.227885489539688062e-03 3.607931703774513998e-02 7.447146018338018925e-02
1.960000000000000000e+02 6.434838336335087401e-03 2.446104154805168844e-03 4.811599546225486801e-02 7.713533454032478476e-02
1.970000000000000000e+02 5.008237837373057631e-03 2.258131900854420601e-03 4.314962953774514887e-02 7.751052268338018414e-02
1.980000000000000000e+02 4.153875690107122071e-03 2.114168644952690249e-03 2.391525453774512311e-02 7.229177268338018991e-02
1.990000000000000000e+02 4.994375667362409808e-03 2.223131213688697098e-03 3.915495079501163378e-02 6.753825889867867693e-02
2.000000000000000000e+02 4.365555133049290465e-03 2.205863626383444426e-03 3.677462953774512933e-02 8.201983574148186129e-02
2.010000000000000000e+02 3.960089882871583103e-03 2.132790334119407348e-03 2.939181703774512711e-02 6.812403842003100785e-02
2.020000000000000000e+02 4.101295929326728880e-03 2.085364714446378068e-03 2.416673945576230942e-02 6.315544639867867738e-02
2.030000000000000000e+02 3.657157492065577810e-03 2.073341397751771436e-03 2.424743457788131051e-02 7.043239768338016571e-02
2.040000000000000000e+02 4.669991491748923772e-03 2.238723530899538496e-03 4.062018680642809354e-02 7.597296074148185419e-02
2.050000000000000000e+02 5.906232083280713030e-03 2.331642095373084086e-03 4.464543819357180698e-02 7.526833518338016393e-02
2.060000000000000000e+02 4.116638091740118695e-03 2.166021023005569417e-03 2.828166534303211410e-02 8.901202324148183020e-02
2.070000000000000000e+02 5.370011941287809905e-03 2.205685352050173065e-03 4.115721157996904411e-02 6.348357139867867593e-02
2.080000000000000000e+02 4.195057621946714915e-03 2.096637179812087682e-03 2.617420660144348377e-02 5.712771018338017037e-02
2.090000000000000000e+02 3.688489272637017220e-03 2.033628019176981615e-03 2.013024707788130252e-02 5.896794639867866672e-02
2.100000000000000000e+02 4.439554748131922801e-03 2.177934591749780980e-03 4.161588829501161602e-02 6.376983574148187284e-02
2.110000000000000000e+02 3.791949756386168730e-03 2.041772841339994059e-03 2.769807443632443800e-02 5.903396018338016860e-02
2.120000000000000000e+02 3.700620451184458235e-03 2.092461428621548731e-03 2.278007290026684561e-02 7.016046074148185596e-02
2.130000000000000000e+02 3.535066534453958857e-03 2.064738164397663008e-03 2.412541534303203061e-02 7.634014824148183109e-02
2.140000000000000000e+02 4.195685301371356035e-03 2.088257595888688267e-03 3.865928480071467721e-02 6.773708518338017459e-02
2.150000000000000000e+02 4.008438155955729686e-03 2.037978608861227246e-03 2.314422675851812716e-02 5.914763389867867815e-02
2.160000000000000000e+02 3.685128731360227342e-03 2.013526842069203286e-03 2.206092535144349442e-02 6.977614768338016860e-02
2.170000000000000000e+02 3.224042067285594077e-03 1.983914129706631970e-03 1.739720820576229343e-02 5.993279014867866628e-02
2.180000000000000000e+02 3.412734169960463405e-03 1.991288676797494262e-03 2.456127070576230587e-02 6.254177268338018125e-02
2.190000000000000000e+02 3.217725143424558093e-03 1.969541824880459945e-03 2.058401074905158445e-02 6.014763389867866517e-02
2.200000000000000000e+02 4.001797371546031434e-03 2.020705763129129143e-03 2.809515401267564938e-02 5.842107139867867838e-02
2.210000000000000000e+02 3.916875523297605119e-03 2.050593066726966694e-03 2.485038540026685006e-02 6.684255393338017770e-02
2.220000000000000000e+02 4.046301095040427329e-03 2.074442037282873963e-03 3.146745079501156450e-02 6.418669639867867482e-02
2.230000000000000000e+02 4.253884135059172490e-03 2.085708039276391521e-03 3.023670660144350819e-02 6.888025562313840333e-02
2.240000000000000000e+02 3.757999386254606139e-03 1.978549581553372318e-03 2.590858160144349220e-02 5.954177268338017859e-02
2.250000000000000000e+02 3.891086377567145715e-03 2.074449113374629474e-03 2.624870079501162579e-02 7.491700717003096921e-02
2.260000000000000000e+02 3.712907471115188627e-03 1.960511276443549760e-03 2.559735175851818312e-02 5.765154014867866772e-02
2.270000000000000000e+02 3.648202725931519452e-03 1.994946149472230645e-03 2.526795660144348643e-02 7.173708518338017814e-02
2.280000000000000000e+02 3.691001112107004847e-03 1.991323805472902490e-03 2.651364368440078945e-02 6.132732139867867749e-02
2.290000000000000000e+02 3.227194707210342441e-03 1.977813988332046118e-03 1.905289269307205990e-02 7.153419467003097054e-02
2.300000000000000000e+02 3.469338318600646495e-03 1.938183916489215255e-03 2.363158320576230764e-02 5.792849143338016371e-02
2.310000000000000000e+02 3.160547193155993466e-03 1.927561291080716549e-03 1.528450460617527401e-02 5.805779014867867849e-02
2.320000000000000000e+02 3.395070013331765845e-03 1.927963552905852165e-03 1.697364641819526510e-02 5.947536643338016682e-02
2.330000000000000000e+02 3.132210817438197716e-03 1.943932458670299870e-03 1.382264410144348754e-02 6.207692893338018214e-02
2.340000000000000000e+02 3.360254574629169787e-03 1.919671654586869265e-03 1.569831410919397818e-02 5.799529014867867149e-02
2.350000000000000000e+02 3.397884889284671396e-03 1.956450399243036403e-03 2.321745079501158493e-02 5.909685264867867160e-02
2.360000000000000000e+02 3.788562660137899298e-03 1.991913424317481428e-03 2.985814570576228455e-02 5.983338062313842132e-02
2.370000000000000000e+02 3.124188077525051014e-03 1.918742193217731935e-03 1.674061285144348710e-02 5.648708518338016460e-02
2.380000000000000000e+02 3.111753980354435307e-03 1.906177334171144317e-03 1.713024707788132761e-02 5.909669467003098031e-02
2.390000000000000000e+02 3.079029557931795003e-03 1.907371598981650240e-03 1.956953890252394190e-02 5.800310264867866716e-02
2.400000000000000000e+02 3.183638400403648525e-03 1.904008811398011283e-03 1.541396331780564566e-02 6.010036643338018125e-02
2.410000000000000000e+02 3.692981239369512187e-03 1.936767882769209557e-03 2.317487660919403947e-02 5.690544639867867183e-02
2.420000000000000000e+02 3.507705152934008190e-03 1.969323983788052578e-03 3.222929165026688914e-02 6.823317893338018414e-02
2.430000000000000000e+02 4.078553554208511067e-03 2.014953248935817589e-03 2.703424930642817081e-02 5.804607139867867804e-02
2.440000000000000000e+02 4.657493129138642017e-03 2.063140057240571423e-03 3.313053018246525649e-02 6.771364768338017370e-02
2.450000000000000000e+02 3.135269182663841074e-03 1.911298560845528949e-03 1.878392695576236449e-02 6.017458518338017481e-02
2.460000000000000000e+02 3.472494043827835473e-03 1.927278069553182809e-03 2.600303480071464168e-02 5.694021018338016327e-02
2.470000000000000000e+02 3.323093154148743737e-03 1.928075944520542305e-03 2.100651329501157516e-02 6.107842949148178935e-02
2.480000000000000000e+02 2.991212084696221428e-03 1.870907547433436251e-03 1.416786956780569096e-02 5.876091514867867738e-02
2.490000000000000000e+02 3.198374308104223913e-03 1.888602863751933118e-03 2.003788540026685272e-02 5.907302268338018858e-02
2.500000000000000000e+02 2.929694443095598889e-03 1.856229376321217282e-03 1.352996217365820542e-02 6.020583518338018525e-02
2.510000000000000000e+02 3.056555888948355761e-03 1.868577271450891234e-03 1.809928018246531600e-02 5.636599143338016926e-02
2.520000000000000000e+02 3.385336273482538339e-03 1.899971180932959452e-03 1.772135704501154319e-02 5.153825889867867660e-02
2.530000000000000000e+02 3.115794990151556955e-03 1.878896556133482273e-03 2.000400517822825686e-02 6.599489768338018258e-02
2.540000000000000000e+02 3.588752641972701735e-03 1.901180683990657443e-03 2.175880266819524289e-02 5.833864768338017925e-02
2.550000000000000000e+02 2.949471162240450625e-03 1.878618940277999860e-03 1.571905449148180978e-02 6.262921074148186662e-02
2.560000000000000000e+02 3.304657004591294266e-03 1.872177200677070706e-03 2.182655035144348554e-02 5.892067893338018281e-02
2.570000000000000000e+02 3.059110710132008620e-03 1.857717400030611116e-03 1.566639410144349265e-02 5.680739768338016749e-02
2.580000000000000000e+02 3.410899989622605006e-03 1.910729296950219305e-03 2.314323204501156361e-02 6.002247592003101540e-02
2.590000000000000000e+02 4.446107470724527423e-03 2.060082528041781279e-03 4.011210415026689180e-02 7.094021018338017570e-02
2.600000000000000000e+02 5.617444617546762942e-03 2.203473704578308521e-03 4.709674930642815394e-02 6.033513389867867227e-02
2.610000000000000000e+02 4.515506137293012756e-03 2.038082511130528615e-03 3.054569790026689935e-02 7.389333518338017659e-02
2.620000000000000000e+02 2.986105598250024355e-03 1.832677280778332663e-03 1.604920660144348865e-02 5.436599143338016749e-02
2.630000000000000000e+02 3.379055161216876386e-03 1.866348948098660223e-03 2.104920660144349309e-02 5.917458518338017393e-02
2.640000000000000000e+02 2.966245488512594258e-03 1.855722401453252122e-03 2.291989368440072727e-02 6.238311699148180178e-02
2.650000000000000000e+02 3.696803774022213752e-03 1.916809740480386213e-03 2.365104454501154585e-02 5.618279014867867682e-02
2.660000000000000000e+02 3.555862810956918283e-03 1.906944149057690496e-03 2.675272915026688514e-02 6.088552268338018325e-02
2.670000000000000000e+02 3.700925446505607536e-03 1.921280936492775725e-03 2.769401329501153253e-02 5.964372764867867382e-02
2.680000000000000000e+02 2.987487999862181373e-03 1.817620648238569420e-03 1.930958391819526110e-02 4.951872764867867871e-02
2.690000000000000000e+02 2.783232388052596634e-03 1.807414387185826612e-03 1.712434835617527434e-02 5.524880393338016393e-02
2.700000000000000000e+02 2.859001783639265794e-03 1.808956580490413786e-03 1.888932579501156894e-02 5.465544639867866983e-02
2.710000000000000000e+02 3.032191123720908137e-03 1.802503650460049976e-03 1.685814570576238403e-02 5.478044639867866994e-02
2.720000000000000000e+02 3.075371345318120373e-03 1.836656047747412890e-03 2.073036956780571760e-02 5.654177268338017592e-02
2.730000000000000000e+02 3.283920334036720661e-03 1.821993405413394095e-03 2.016502407996900725e-02 5.246794639867867482e-02
2.740000000000000000e+02 2.832442935471099141e-03 1.815983905738050063e-03 2.266989368440075481e-02 5.352764824148181777e-02
2.750000000000000000e+02 3.243562929655063182e-03 1.826886679140615278e-03 1.967100355071460527e-02 5.262810264867867627e-02
2.760000000000000000e+02 2.934272143542989049e-03 1.791624633116275893e-03 1.613770891819524267e-02 4.974529014867867804e-02
2.770000000000000000e+02 2.903895197862139954e-03 1.827943739236605148e-03 2.013492394307206390e-02 5.544060264867867183e-02
2.780000000000000000e+02 2.878265182714384498e-03 1.811620189184352109e-03 1.963158320576230409e-02 6.064747592003100207e-02
2.790000000000000000e+02 2.907499452950759820e-03 1.799617172989536641e-03 1.817878055642818680e-02 5.404216514867866972e-02
2.800000000000000000e+02 2.705169888245790612e-03 1.787193841549348291e-03 1.237422640252394679e-02 5.445192893338018925e-02
2.810000000000000000e+02 2.841252215429035562e-03 1.789876856688442982e-03 1.916568643246530090e-02 4.857732139867866616e-02
2.820000000000000000e+02 3.628202825714958724e-03 1.875905880732647597e-03 2.652576910144349709e-02 5.978005393338017837e-02
2.830000000000000000e+02 3.075048497295024535e-03 1.813051825141610623e-03 2.142321582788131451e-02 5.407732139867867105e-02
2.840000000000000000e+02 3.100657441908207662e-03 1.817421378863935287e-03 2.022565555642819035e-02 4.673858574148181955e-02
2.850000000000000000e+02 3.231678252411608956e-03 1.879779933277043362e-03 2.077260954712356611e-02 6.767481967003097232e-02
2.860000000000000000e+02 4.400601609222067404e-03 1.941321816044007951e-03 3.237596157996897039e-02 5.804607139867867804e-02
2.870000000000000000e+02 3.814651379922370539e-03 1.900517543549992130e-03 2.878748785144349953e-02 6.211599143338017437e-02
2.880000000000000000e+02 3.586362683063081414e-03 1.885520248502569989e-03 3.541706180642811841e-02 5.773747764867867560e-02
2.890000000000000000e+02 3.197240489202468530e-03 1.807465887460732142e-03 2.379530035144350464e-02 5.634646018338018703e-02
2.900000000000000000e+02 3.002547393491532268e-03 1.810634139428620544e-03 2.272533320576231031e-02 5.809646018338018858e-02
2.910000000000000000e+02 2.935505339535126289e-03 1.775243070565967699e-03 1.843592535144350508e-02 5.135427268338016438e-02
2.920000000000000000e+02 2.687548254649740204e-03 1.745184328038544347e-03 1.467903585617527651e-02 4.974138389867867327e-02
2.930000000000000000e+02 2.803428174069536299e-03 1.774403983134284621e-03 2.016208118440077079e-02 4.968279014867867105e-02
2.940000000000000000e+02 3.034933539068209417e-03 1.767636217792379130e-03 2.280567766819524556e-02 5.454216514867867016e-02
2.950000000000000000e+02 3.276752747364304521e-03 1.840849392047948230e-03 2.547889410144349442e-02 6.186989768338016504e-02
2.960000000000000000e+02 3.105928930749476610e-03 1.769039293579234302e-03 1.739422675851820532e-02 5.232341514867867860e-02
2.970000000000000000e+02 2.961882638532656320e-03 1.797041683304985383e-03 2.022565555642819035e-02 5.607842949148189593e-02
2.980000000000000000e+02 3.029607047738461321e-03 1.787442417954329546e-03 2.282298945576233251e-02 5.313966342003101362e-02
2.990000000000000000e+02 3.686562086322524648e-03 1.841085290322518747e-03 2.408865171225488266e-02 5.278044639867866816e-02
3.000000000000000000e+02 3.150620595463289597e-03 1.814311049610222056e-03 2.148166078774516041e-02 5.584255393338016793e-02
3.010000000000000000e+02 3.004391949974253694e-03 1.776557339287111650e-03 1.831051868440070063e-02 5.130388389867866772e-02
3.020000000000000000e+02 2.925614617887338943e-03 1.765977190187069607e-03 1.731483160144350886e-02 5.058474143338018147e-02
3.030000000000000000e+02 2.881926293893084714e-03 1.761026066718492230e-03 2.256092535144349487e-02 5.716677268338016260e-02
3.040000000000000000e+02 2.798993164464569187e-03 1.740786134904610078e-03 1.902253055642810775e-02 4.951091514867866916e-02
3.050000000000000000e+02 2.952834874014640277e-03 1.758862879661994864e-03 2.892064570576236004e-02 5.369021018338018814e-02
3.060000000000000000e+02 2.953640692718292448e-03 1.751047305379796687e-03 2.022578890252396677e-02 5.499919639867867360e-02
3.070000000000000000e+02 2.802859272036151844e-03 1.762584406333678275e-03 1.870229704712356167e-02 5.366286643338016860e-02
3.080000000000000000e+02 3.217617323622085166e-03 1.761173825457000054e-03 1.863411101993214802e-02 5.554607139867867582e-02
3.090000000000000000e+02 2.780352132095721771e-03 1.715425848354505808e-03 1.763641425851814049e-02 4.358122764867866650e-02
3.100000000000000000e+02 2.904264646962004520e-03 1.786792953666361530e-03 1.754173945576231741e-02 6.137794467003099275e-02
3.110000000000000000e+02 2.558338149334391919e-03 1.734471286808374375e-03 1.517100355071465678e-02 5.061247764867866927e-02
3.120000000000000000e+02 3.081623932865375139e-03 1.738712492504587356e-03 1.940333391819526465e-02 5.413591514867867327e-02
3.130000000000000000e+02 2.760414971389516230e-03 1.740367628386517993e-03 1.619804165026689224e-02 5.719802268338017304e-02
3.140000000000000000e+02 2.671671659760167968e-03 1.724742714750092257e-03 1.845221805642816015e-02 5.264763389867867238e-02
3.150000000000000000e+02 2.733234896900437784e-03 1.726428600376306082e-03 1.726724893246533998e-02 5.094411643338017659e-02
3.160000000000000000e+02 3.316686458307608991e-03 1.777545681789310288e-03 3.030338829501155740e-02 5.381892829032480785e-02
3.170000000000000000e+02 3.131395211666668926e-03 1.756593600987042553e-03 2.027616665026688025e-02 5.283083518338016482e-02
3.180000000000000000e+02 2.788711776437195061e-03 1.751513741299437965e-03 1.944401329501155296e-02 5.621514824148188261e-02
3.190000000000000000e+02 2.611448027272147802e-03 1.718132324342429469e-03 1.368268680642814594e-02 4.722950717003099319e-02
3.200000000000000000e+02 3.250846664801736608e-03 1.748214194496140869e-03 2.512989641819524111e-02 4.604431812313841688e-02
3.210000000000000000e+02 2.779429670350089168e-03 1.723027327050168436e-03 1.741643480472609973e-02 5.578396018338016571e-02
3.220000000000000000e+02 2.621675767202933521e-03 1.698670164782683806e-03 1.427782302175473195e-02 4.427224143338018281e-02
3.230000000000000000e+02 2.532186017107240176e-03 1.694202110195986138e-03 1.237621518035739165e-02 4.883904014867866683e-02
3.240000000000000000e+02 3.050063291670447336e-03 1.739196888511735251e-03 2.035807579501158759e-02 4.991716514867866605e-02
3.250000000000000000e+02 2.812010456564934067e-03 1.706511381277032915e-03 1.782655035144350975e-02 4.896364768338018481e-02
3.260000000000000000e+02 2.484753933157585627e-03 1.691914035266894097e-03 1.497526329501153164e-02 5.034685264867867771e-02
3.270000000000000000e+02 2.978536215324446585e-03 1.767728273625523592e-03 2.225936598450856119e-02 5.563942893338016948e-02
3.280000000000000000e+02 3.130265159350237129e-03 1.722871949166137782e-03 1.847625800851815381e-02 4.869060264867866583e-02
3.290000000000000000e+02 2.708034496974250603e-03 1.720001041873924115e-03 1.470467848450857096e-02 5.037771018338016438e-02
3.300000000000000000e+02 2.679359442708588619e-03 1.686558677031517765e-03 1.666283320576233962e-02 5.171364768338018725e-02
3.310000000000000000e+02 3.466649885006329972e-03 1.780352507053289349e-03 2.999870079501154585e-02 5.037810264867867427e-02
3.320000000000000000e+02 3.376106361455905383e-03 1.786808752686221049e-03 2.938791078774510845e-02 5.600271018338018325e-02
3.330000000000000000e+02 2.715219508671350319e-03 1.700637125965414600e-03 2.227604454501153075e-02 4.870733574148189415e-02
3.340000000000000000e+02 3.174990651696363471e-03 1.708766711646663274e-03 1.950880266819524089e-02 4.918825705838017481e-02
3.350000000000000000e+02 2.503113820938285185e-03 1.652743745662022066e-03 1.509149238351814581e-02 4.662029014867867527e-02
3.360000000000000000e+02 2.265496844845495735e-03 1.651440661960021632e-03 9.740612851443508635e-03 4.953224154503099719e-02
3.370000000000000000e+02 2.406190654512630183e-03 1.674131328308183951e-03 1.298112267001161335e-02 5.496778842003097187e-02
3.380000000000000000e+02 2.550006254334899556e-03 1.649919805524126259e-03 1.440495079501158404e-02 4.500271018338017348e-02
3.390000000000000000e+02 2.468495977568374578e-03 1.647849134268987263e-03 1.329817648117527507e-02 4.839568077367867316e-02
3.400000000000000000e+02 2.526988014649254877e-03 1.677341903283991170e-03 1.704759883076234495e-02 5.141481955838017592e-02
3.410000000000000000e+02 2.600041595562195464e-03 1.647561191072841437e-03 1.606153704319523978e-02 4.583708702367866872e-02
3.420000000000000000e+02 2.608751966750849811e-03 1.669831493086400146e-03 1.735194097644349176e-02 4.959450705838017170e-02
3.430000000000000000e+02 2.615252772647941922e-03 1.679185264722476501e-03 1.689295660144349287e-02 5.406325705838016527e-02
3.440000000000000000e+02 2.384245931375579639e-03 1.627825857133976487e-03 1.412989641819525910e-02 4.711638389867867094e-02
3.450000000000000000e+02 2.330628035404975346e-03 1.633749884595169346e-03 1.304418393035738921e-02 4.589958702367867571e-02
3.460000000000000000e+02 2.311064138479652051e-03 1.641179042879042536e-03 1.192697328774511289e-02 4.644802268338016349e-02
3.470000000000000000e+02 2.570607517382673957e-03 1.687602695808091335e-03 1.816471642001160625e-02 5.257732139867866972e-02
3.480000000000000000e+02 3.490418793394732631e-03 1.737530879324319022e-03 2.656483160144348932e-02 5.213161643338018458e-02
3.490000000000000000e+02 2.411694607567458400e-03 1.631992929990581801e-03 1.597916954501155118e-02 4.657732139867867827e-02
3.500000000000000000e+02 2.477168044540197563e-03 1.639077036396953228e-03 1.246060830746531511e-02 5.199919639867867094e-02
3.510000000000000000e+02 2.837721841245093198e-03 1.712803278807126196e-03 2.008659142001156805e-02 5.128936699148189948e-02
3.520000000000000000e+02 2.736263412863428838e-03 1.651498144841485535e-03 1.584642695576232718e-02 5.010427268338016327e-02
3.530000000000000000e+02 2.219355820278544854e-03 1.634944526686763150e-03 1.193010667972604910e-02 5.445021029503099852e-02
3.540000000000000000e+02 2.463832698438251680e-03 1.623887075410929961e-03 1.536595820576236449e-02 4.598317893338016438e-02
3.550000000000000000e+02 2.485285142027679819e-03 1.619956160339138754e-03 1.332788929310146919e-02 4.775505577367866739e-02
3.560000000000000000e+02 2.643093528266174733e-03 1.645638354566378043e-03 1.685506910950856918e-02 5.232888205838018281e-02
3.570000000000000000e+02 2.579372589021450887e-03 1.629503426542815419e-03 1.551270891819525599e-02 4.435466514867866805e-02
3.580000000000000000e+02 2.540089420881061055e-03 1.669865991844099668e-03 1.784257290026686205e-02 5.051856967003098831e-02
3.590000000000000000e+02 2.301482090269415300e-03 1.615929858173693239e-03 1.650380706780563145e-02 4.635466514867866983e-02
3.600000000000000000e+02 2.816882273830700455e-03 1.669842246813484522e-03 2.031758577752396100e-02 5.202654014867867660e-02
3.610000000000000000e+02 2.973370912235769482e-03 1.692631263011061061e-03 2.099491665026687048e-02 4.977813166987951621e-02
3.620000000000000000e+02 3.128347113477922010e-03 1.704536259260823082e-03 2.998112267001162845e-02 4.894450889867867083e-02
3.630000000000000000e+02 2.234516915823209996e-03 1.614481242576630083e-03 1.460979417972607664e-02 4.678044639867867671e-02
3.640000000000000000e+02 2.522974450943630837e-03 1.630520072468659215e-03 1.590333391819526154e-02 4.778005393338016771e-02
3.650000000000000000e+02 2.844859152001278247e-03 1.641409901820988036e-03 2.257802581780565809e-02 4.201638205838018059e-02
3.660000000000000000e+02 3.041455109682348040e-03 1.669560189356974382e-03 2.008045660144350264e-02 4.905153830838018814e-02
3.670000000000000000e+02 2.334551727217049847e-03 1.632884931283728547e-03 1.524727815325233049e-02 4.631475761648184974e-02
3.680000000000000000e+02 2.806634320547394743e-03 1.625833548288906170e-03 2.089158657996903479e-02 4.550310264867866994e-02
3.690000000000000000e+02 2.524115947977559685e-03 1.649997923772665836e-03 1.683710911987001957e-02 5.010817893338018192e-02
3.700000000000000000e+02 2.690664747233642313e-03 1.640084890057935977e-03 2.187048145288131296e-02 4.885075889867866727e-02
3.710000000000000000e+02 2.348134474877979373e-03 1.617681805762889290e-03 1.392096805642817348e-02 4.820622764867867061e-02
3.720000000000000000e+02 2.564455584874523152e-03 1.611338640693159904e-03 1.459083391819523956e-02 4.254763205838016371e-02
3.730000000000000000e+02 2.273872327108964180e-03 1.614395158664061729e-03 1.383088693632439359e-02 4.920192893338018458e-02
3.740000000000000000e+02 2.742894635205355824e-03 1.657778264195635797e-03 2.279557579501156894e-02 5.233904014867866994e-02
3.750000000000000000e+02 2.733631961164803385e-03 1.625271728044335720e-03 1.613836738351814848e-02 4.966677268338018369e-02
3.760000000000000000e+02 2.534561700442301228e-03 1.623803642239789397e-03 1.695377892001159736e-02 4.576814704032478032e-02
3.770000000000000000e+02 2.150114701038538696e-03 1.583975901690056007e-03 1.051209722644350086e-02 4.494606955838018059e-02
3.780000000000000000e+02 2.534962478744702714e-03 1.644416775435849536e-03 1.589962953774515242e-02 5.445021029503099852e-02
3.790000000000000000e+02 2.467461670003038079e-03 1.613796244987967220e-03 2.117650508076229787e-02 4.665505393338018059e-02
3.800000000000000000e+02 2.448234525019425591e-03 1.592362279618744552e-03 1.584700164493216268e-02 4.544060264867867682e-02
3.810000000000000000e+02 2.247364268856781415e-03 1.590512512237415334e-03 1.369791954501153874e-02 4.727458702367867693e-02
3.820000000000000000e+02 2.672423577284769192e-03 1.603946095945191870e-03 1.716668092365819520e-02 4.527458702367867516e-02
3.830000000000000000e+02 2.291587676022198167e-03 1.593886265268692082e-03 1.148181831296904432e-02 4.404802452367867494e-02
3.840000000000000000e+02 3.324446681425734847e-03 1.698774693216041545e-03 2.353282645528381734e-02 4.957497580838018947e-02
3.850000000000000000e+02 2.167127710289369017e-03 1.593691513801970315e-03 1.101252756132442556e-02 4.881280449148184264e-02
3.860000000000000000e+02 2.270064709855121755e-03 1.576787475485899852e-03 1.279046651267565227e-02 4.494841514867867205e-02
3.870000000000000000e+02 2.616139246582161338e-03 1.650848707988249522e-03 1.754489368440070862e-02 4.920928886648179290e-02
3.880000000000000000e+02 2.364451478791627925e-03 1.587226202747582787e-03 1.516700579319524289e-02 4.579021202367866694e-02
3.890000000000000000e+02 3.129972079194960448e-03 1.671297349680356909e-03 2.081092535144349331e-02 4.853594416987952465e-02
3.900000000000000000e+02 2.379497959320745187e-03 1.606608595141720448e-03 2.402461702752395345e-02 4.760661827367866639e-02
3.910000000000000000e+02 2.063104984561109356e-03 1.572744949627665400e-03 1.244017695576238314e-02 4.656671074148188705e-02
3.920000000000000000e+02 2.233400600471612072e-03 1.577127868319453665e-03 1.386432743142818058e-02 4.497380577367866838e-02
3.930000000000000000e+02 2.527606110736416081e-03 1.589867815792696216e-03 1.871947383076233429e-02 4.592653830838017148e-02
3.940000000000000000e+02 2.410676586535679018e-03 1.573425553920012113e-03 1.481544329319525732e-02 4.736638389867867116e-02
3.950000000000000000e+02 2.536277724901087483e-03 1.615456963863866249e-03 1.948475347644348932e-02 4.632106955838016793e-02
3.960000000000000000e+02 2.113949305620927387e-03 1.559020821750244827e-03 1.036446077752395389e-02 4.510857139867867349e-02
3.970000000000000000e+02 2.346506540079440310e-03 1.569545868824122770e-03 1.310274202752398365e-02 4.833864768338017037e-02
3.980000000000000000e+02 3.758542532346921018e-03 1.727561457750413382e-03 2.728005796225485557e-02 4.330583702367866994e-02
3.990000000000000000e+02 2.823348365503460227e-03 1.628959831746183782e-03 1.880435830746529646e-02 4.777614768338017681e-02
4.000000000000000000e+02 2.105608000243801639e-03 1.560681577804784882e-03 1.322338008076229254e-02 4.644606955838018192e-02
4.010000000000000000e+02 2.670765085244956785e-03 1.587666455716058803e-03 1.572526329501156006e-02 4.780974327367867871e-02
4.020000000000000000e+02 2.304407223369019531e-03 1.583441976316248218e-03 1.632264410144348976e-02 4.780958529503098742e-02
4.030000000000000000e+02 2.323909960054695335e-03 1.561331327932739777e-03 1.479852363351819022e-02 4.164919455838017592e-02
4.040000000000000000e+02 2.232079992560493959e-03 1.583264014405425229e-03 1.599061285144348643e-02 5.003810092003097010e-02
4.050000000000000000e+02 2.477035272846709463e-03 1.620236714167474449e-03 2.238190555642816104e-02 5.005108574148187106e-02
4.060000000000000000e+02 2.072617412433575262e-03 1.548919763872209573e-03 1.068431758076238136e-02 4.290154014867866850e-02
4.070000000000000000e+02 2.129316523474786109e-03 1.551097167564263442e-03 1.199178785950860693e-02 4.155193077367867749e-02
4.080000000000000000e+02 2.550075710035696643e-03 1.596486011819745962e-03 1.679214079712357255e-02 4.900466330838018636e-02
4.090000000000000000e+02 2.719988233357280988e-03 1.590739654038311225e-03 1.463162046225485735e-02 4.652654014867867172e-02
4.100000000000000000e+02 2.467661464243647330e-03 1.589757255802410740e-03 1.949882290026688780e-02 4.617458518338016238e-02
4.110000000000000000e+02 2.135129078813037193e-03 1.538831307258368324e-03 1.122169329319525066e-02 4.268279014867867871e-02
4.120000000000000000e+02 2.099642172650495117e-03 1.546914405489624228e-03 1.477799767001153342e-02 4.505779014867866694e-02
4.130000000000000000e+02 2.380452974303304617e-03 1.580873078729334033e-03 1.403726769307206412e-02 5.035646029503099141e-02
4.140000000000000000e+02 2.273281022207539453e-03 1.567263876702956488e-03 1.790104454501162401e-02 4.713116386648186218e-02
4.150000000000000000e+02 2.363398802175131937e-03 1.550853192267308235e-03 1.613834268246527870e-02 4.062380393338016482e-02
4.160000000000000000e+02 2.183259457884709209e-03 1.549734903084823163e-03 1.281913540026685672e-02 4.007302268338017170e-02
4.170000000000000000e+02 2.828901796775304574e-03 1.610730309663917009e-03 2.073698204501162046e-02 4.705779014867866872e-02
4.180000000000000000e+02 2.171263597869713038e-03 1.535492289379997675e-03 1.192353103060928010e-02 4.111443077367867016e-02
4.190000000000000000e+02 2.435388175643772666e-03 1.563528055140421319e-03 1.493201910144351108e-02 4.561208518338016882e-02
4.200000000000000000e+02 2.120987978911327825e-03 1.547665887468074441e-03 1.346366665026688114e-02 4.414138205838016860e-02
4.210000000000000000e+02 2.126189362856393053e-03 1.538045156518867132e-03 1.064362660919404568e-02 3.989568077367866561e-02
4.220000000000000000e+02 2.321645629913690004e-03 1.558946034559398819e-03 1.498314570576231297e-02 4.576247580838016527e-02
4.230000000000000000e+02 2.339138658857571954e-03 1.555809148828336168e-03 1.343397222644349132e-02 4.613942893338018880e-02
4.240000000000000000e+02 2.658107596371789890e-03 1.602472375961965737e-03 2.302018517001158671e-02 4.336163261648184886e-02
4.250000000000000000e+02 2.071116515424780129e-03 1.527203414623688445e-03 1.113443643246525561e-02 4.248357139867867116e-02
4.260000000000000000e+02 2.305808784651923200e-03 1.530709350155715943e-03 1.274383613351814937e-02 4.376833518338016371e-02
4.270000000000000000e+02 2.202120837524622256e-03 1.541927873673161822e-03 1.152093526267564116e-02 4.355583702367867016e-02
4.280000000000000000e+02 1.957507679654126205e-03 1.530258959905620754e-03 9.088614455762367150e-03 4.134489952367867427e-02
4.290000000000000000e+02 2.218978354883938565e-03 1.542128924596327484e-03 1.868431758076238847e-02 4.544255577367867227e-02
4.300000000000000000e+02 2.323655325203003840e-03 1.537007283132928951e-03 1.575703890252394546e-02 4.562419639867866528e-02
4.310000000000000000e+02 2.430269930077752754e-03 1.563630008955062050e-03 2.017265102526688558e-02 4.341485041987952487e-02
4.320000000000000000e+02 2.636552246531365107e-03 1.571989715127196157e-03 1.781188770288130718e-02 4.322771202367867160e-02
4.330000000000000000e+02 2.421301734470821237e-03 1.548333479322282430e-03 1.673865972644350553e-02 4.353044639867867382e-02
4.340000000000000000e+02 2.344937558716481563e-03 1.541757071519337698e-03 1.796979618142813262e-02 4.066716514867867172e-02
4.350000000000000000e+02 2.258901573070511409e-03 1.529526541366839397e-03 1.530602832788130474e-02 4.392888389867867505e-02
4.360000000000000000e+02 2.743646327110381075e-03 1.578417373108004923e-03 1.934447383076232096e-02 4.282106955838016482e-02
4.370000000000000000e+02 2.283369237609921693e-03 1.565188987215543380e-03 1.832135868142814594e-02 4.343780449148182399e-02
4.380000000000000000e+02 2.801381537787635961e-03 1.600104018277502538e-03 1.971522222644350730e-02 4.813025562313841266e-02
4.390000000000000000e+02 2.348532015401911914e-03 1.539106227812813907e-03 1.664909142001158582e-02 4.159099327367866972e-02
4.400000000000000000e+02 2.050359266316760607e-03 1.509748370019064860e-03 1.436198204501160092e-02 4.582927452367867305e-02
4.410000000000000000e+02 2.058508097066071452e-03 1.516149141876710956e-03 1.549877070576233251e-02 4.221364768338017881e-02
4.420000000000000000e+02 2.146461510300153811e-03 1.513999682202170870e-03 1.294245473419397552e-02 3.991325889867866628e-02
4.430000000000000000e+02 2.087203590452352524e-03 1.541342168247022883e-03 1.588827223450856030e-02 4.617608574148179823e-02
4.440000000000000000e+02 2.457397905067393480e-03 1.534940356678353565e-03 1.724774238351811650e-02 4.271013389867867049e-02
4.450000000000000000e+02 2.173594166963269646e-03 1.521358671540610661e-03 1.416478633076234672e-02 4.529958518338017548e-02
4.460000000000000000e+02 2.279105785678139321e-03 1.514145790630807295e-03 1.346407015252398809e-02 4.351482139867866861e-02
4.470000000000000000e+02 2.313228096603918080e-03 1.525456971872623298e-03 1.408112660919402792e-02 3.999724327367867871e-02
4.480000000000000000e+02 2.082157405914082139e-03 1.502271213725666840e-03 1.002852327752395967e-02 3.882732139867867138e-02
4.490000000000000000e+02 2.762479607998753750e-03 1.622582367071322140e-03 1.888045973450858117e-02 5.676075717003098431e-02
4.500000000000000000e+02 1.912034175502820565e-03 1.513305957906640239e-03 9.845665264036351783e-03 4.115452337620628676e-02
4.510000000000000000e+02 2.589861128201780948e-03 1.533280499227656539e-03 1.731610175851816535e-02 4.157732139867867382e-02
4.520000000000000000e+02 3.022674605956657181e-03 1.601624418220344483e-03 2.192420660144350775e-02 4.690505393338018081e-02
4.530000000000000000e+02 2.265983977034161535e-03 1.502816708731472082e-03 1.364356829319524067e-02 4.193279014867867804e-02
4.540000000000000000e+02 2.760908976689423634e-03 1.590578567465015993e-03 2.756706017001153697e-02 4.603181891532481806e-02
4.550000000000000000e+02 2.614358970526570788e-03 1.546792565423820787e-03 1.568554946144951057e-02 4.143630393338018636e-02
4.560000000000000000e+02 2.256043455117841094e-03 1.516763994452085098e-03 1.824877070576236271e-02 3.991130577367867083e-02
4.570000000000000000e+02 2.026609956735498947e-03 1.525497740459944886e-03 1.189747592003098653e-02 4.994952324148183020e-02
4.580000000000000000e+02 2.311285089666307094e-03 1.510582408100659066e-03 1.276923415560929365e-02 4.763591514867866750e-02
4.590000000000000000e+02 2.236422690261308244e-03 1.512930869036627820e-03 1.358659142001161779e-02 3.953239952367866572e-02
4.600000000000000000e+02 2.072271949998236856e-03 1.519542626955584048e-03 1.216901493142819035e-02 4.181911643338018236e-02
4.610000000000000000e+02 2.981504902637632012e-03 1.592962305714423678e-03 2.248137569357189225e-02 4.837966330838017193e-02
4.620000000000000000e+02 2.452353409290986518e-03 1.544109434708199665e-03 2.052409142001154763e-02 4.368025641532480297e-02
4.630000000000000000e+02 2.019224188197331869e-03 1.504100896497322093e-03 1.188554165026689535e-02 3.885857139867866794e-02
4.640000000000000000e+02 2.099706518943041979e-03 1.500395414550633475e-03 1.374095820576237692e-02 4.496560080838016282e-02
4.650000000000000000e+02 2.231579209815338308e-03 1.527075470415801281e-03 1.443592535144350153e-02 4.944239779503101229e-02
4.660000000000000000e+02 2.240897146287641230e-03 1.499357598179019112e-03 1.456316529865819831e-02 3.697146018338018369e-02
4.670000000000000000e+02 2.664745199902079312e-03 1.525068950307598105e-03 2.186492988351818045e-02 4.351091514867867771e-02
4.680000000000000000e+02 2.524003488641277972e-03 1.538490113623022662e-03 1.756251605875380761e-02 4.436638389867866850e-02
4.690000000000000000e+02 2.368223479742393410e-03 1.557037855768912595e-03 1.578048891274513865e-02 5.129981967003099941e-02
4.700000000000000000e+02 1.928912607340570922e-03 1.484566732038205541e-03 1.224990081780563678e-02 4.019044467003096699e-02
