0.000000000000000000e+00 4.666666666666652308e-03 1.839687473458467282e-01 4.666666666666707819e-03 2.326666666666666328e-01
1.000000000000000000e+00 2.148125798095735714e-02 1.700112741359623147e-01 3.033333333333332327e-02 2.146666666666666168e-01
2.000000000000000000e+00 3.800584750330474916e-03 1.586495088762226724e-01 5.333333333333412085e-03 2.006666666666666043e-01
3.000000000000000000e+00 2.027587510099405563e-02 1.856376398614605627e-01 2.733333333333332060e-02 2.346666666666666345e-01
4.000000000000000000e+00 2.235198226357363802e-02 1.615820225148824896e-01 3.066666666666667540e-02 2.036666666666666070e-01
5.000000000000000000e+00 2.538591035287988875e-03 1.760411883622693408e-01 3.333333333333410309e-03 2.226666666666666239e-01
6.000000000000000000e+00 2.955691308494698757e-02 1.833087104677061652e-01 3.833333333333333037e-02 2.316666666666666319e-01
7.000000000000000000e+00 1.203928753890544205e-02 1.596269087591437041e-01 1.566666666666666208e-02 2.016666666666666052e-01
8.000000000000000000e+00 1.015436414115190519e-02 1.824773958604188062e-01 1.333333333333341919e-02 2.306666666666666310e-01
9.000000000000000000e+00 1.804007883697974352e-02 1.748823413993915166e-01 2.233333333333331616e-02 2.206666666666666221e-01
1.000000000000000000e+01 2.371239713267677893e-02 1.926484276257313943e-01 2.666666666666667185e-02 2.436666666666666425e-01
1.100000000000000000e+01 1.677630604288214006e-02 1.700700835930097354e-01 2.166666666666666741e-02 2.146666666666666168e-01
1.200000000000000000e+01 1.535505707504134128e-02 1.494668302110315206e-01 2.066666666666666652e-02 1.886666666666666492e-01
1.300000000000000000e+01 4.228212125447087383e-02 1.746052691072064733e-01 5.133333333333334192e-02 2.206666666666666221e-01
1.400000000000000000e+01 1.225878369895549297e-02 1.407210597837674770e-01 1.366666666666666030e-02 1.776666666666666394e-01
1.500000000000000000e+01 1.348249894410448631e-02 1.620776562844695734e-01 1.533333333333342097e-02 2.046666666666666079e-01
1.600000000000000000e+01 2.735771270491091367e-02 1.245572157684973064e-01 3.866666666666668251e-02 1.566666666666666208e-01
1.700000000000000000e+01 2.346155247302367935e-02 9.817925782295697235e-02 3.066666666666667540e-02 1.226666666666665906e-01
1.800000000000000000e+01 4.274277066878613002e-02 8.399851189158057119e-02 5.266666666666669494e-02 9.966666666666668117e-02
1.900000000000000000e+01 2.214221709264401275e-02 7.864953909591589076e-02 2.766666666666667274e-02 9.766666666666667940e-02
2.000000000000000000e+01 3.818085616873693328e-02 3.918332978874219941e-02 5.066666666666669316e-02 5.399999999999999939e-02
2.100000000000000000e+01 3.945549532208551119e-02 3.567474596966319078e-02 4.116666666666668473e-02 5.349999999999999895e-02
2.200000000000000000e+01 4.036160338462505687e-02 3.355258621427959637e-02 4.266666666666668606e-02 5.149999999999999717e-02
2.300000000000000000e+01 3.801626114061075479e-02 3.338693606786941742e-02 4.066666666666668428e-02 5.050000000000000322e-02
2.400000000000000000e+01 5.408872597665594084e-02 2.825608341578852642e-02 7.641666666666668828e-02 4.075000000000000150e-02
2.500000000000000000e+01 2.850615187015680466e-02 2.659387852495380400e-02 3.316666666666667762e-02 3.925000000000000017e-02
2.600000000000000000e+01 3.081897188060914866e-02 2.604573301585755979e-02 3.466666666666667895e-02 3.975000000000000061e-02
2.700000000000000000e+01 2.314597397196995615e-02 2.245713509481264344e-02 2.616666666666667140e-02 3.275000000000000133e-02
2.800000000000000000e+01 2.720249426880638061e-02 3.447530819296616006e-02 3.566666666666667984e-02 4.374999999999999722e-02
2.900000000000000000e+01 1.720273314847897347e-02 1.952682449862238462e-02 2.291666666666669627e-02 2.574999999999999858e-02
3.000000000000000000e+01 2.118806333239961481e-02 1.782050258831099909e-02 2.691666666666669983e-02 2.687499999999999958e-02
3.100000000000000000e+01 2.835607237044260320e-02 1.944171979918444051e-02 3.641666666666670826e-02 2.970833333333333659e-02
3.200000000000000000e+01 2.395746375233498079e-02 1.990387054067620926e-02 3.379166666666666430e-02 2.612499999999999892e-02
3.300000000000000000e+01 1.815454966698736017e-02 1.571842900600012652e-02 2.529166666666671226e-02 2.224999999999999895e-02
3.400000000000000000e+01 8.418445562836652379e-03 2.273412621570635242e-02 1.185416666666666563e-02 2.816666666666667318e-02
3.500000000000000000e+01 1.310714724979380845e-02 1.678283085353400941e-02 1.810416666666669894e-02 2.043750000000000080e-02
3.600000000000000000e+01 1.343594144708306487e-02 1.315211732399640572e-02 1.835416666666667140e-02 1.812499999999999875e-02
3.700000000000000000e+01 4.955903641393525315e-03 2.073679455551168463e-02 5.229166666666673624e-03 2.585416666666662255e-02
3.800000000000000000e+01 1.161406482400156870e-02 1.339806471177211987e-02 1.585416666666666918e-02 1.725000000000000144e-02
3.900000000000000000e+01 5.156513040428677488e-03 2.095242782521475680e-02 7.229166666666675400e-03 2.635416666666667851e-02
4.000000000000000000e+01 5.310579718302361335e-03 2.052029927393030431e-02 6.666666666666709595e-03 2.591666666666658791e-02
4.100000000000000000e+01 9.543235860778251367e-03 1.054899284292106637e-02 1.310416666666669450e-02 1.375000000000000007e-02
4.200000000000000000e+01 5.197196426386485428e-03 1.443664319246914553e-02 5.729166666666674068e-03 1.766666666666660834e-02
4.300000000000000000e+01 8.096109158536863096e-03 9.696249409135767466e-03 1.144791666666666874e-02 1.137499999999999969e-02
4.400000000000000000e+01 7.672043835831706717e-03 8.610529310472745182e-03 1.033854166666670071e-02 1.132812499999999965e-02
4.500000000000000000e+01 5.412108709313181651e-03 1.166109166229774285e-02 7.651041666666691388e-03 1.436979166666663144e-02
4.600000000000000000e+01 8.476032449505444683e-03 1.182211703426569969e-02 1.118229166666667718e-02 1.463541666666667851e-02
4.700000000000000000e+01 5.579334554123829316e-03 9.218027205068613297e-03 6.244791666666693608e-03 1.081249999999999920e-02
4.800000000000000000e+01 7.739914542599039132e-03 7.105419000077812727e-03 1.074479166666669760e-02 9.875000000000000097e-03
4.900000000000000000e+01 5.512210738977844221e-03 7.668272872959504445e-03 5.651041666666689611e-03 9.687499999999999931e-03
5.000000000000000000e+01 2.010487504149258402e-03 1.187902977814482043e-02 2.776041666666673180e-03 1.499479166666661811e-02
5.100000000000000000e+01 5.822133966477503232e-03 6.402765185310885059e-03 7.447916666666665186e-03 8.703125000000000791e-03
5.200000000000000000e+01 4.849461798066120356e-03 7.200754874888405828e-03 6.713541666666711372e-03 8.354166666666662522e-03
5.300000000000000000e+01 2.205853683518054897e-03 1.024447755989829623e-02 2.229166666666670960e-03 1.280729166666660923e-02
5.400000000000000000e+01 4.007427525099295680e-03 6.872077089362063629e-03 5.041666666666666519e-03 7.994791666666611896e-03
5.500000000000000000e+01 2.832859373654606026e-03 8.576134882231557788e-03 3.776041666666674068e-03 1.060416666666663676e-02
5.600000000000000000e+01 2.804108333500488978e-03 8.155248431879695559e-03 3.697916666666689611e-03 1.005729166666657903e-02
5.700000000000000000e+01 2.916631789225991242e-03 7.084033647212807649e-03 3.744791666666691388e-03 8.619791666666598573e-03
5.800000000000000000e+01 2.621297819200198859e-04 9.891342868234767952e-03 3.697916666666745122e-04 1.251041666666663499e-02
5.900000000000000000e+01 3.288424798795771577e-03 6.119379280210131451e-03 4.424479166666661634e-03 7.283854166666658969e-03
6.000000000000000000e+01 1.897461132957688071e-03 7.230365342318302926e-03 1.932291666666696717e-03 8.986979166666575480e-03
6.100000000000000000e+01 2.952032264944380070e-03 6.078577281399811377e-03 2.986979166666681174e-03 7.221354166666582586e-03
6.200000000000000000e+01 3.664223058996944355e-03 6.539724008878706162e-03 5.111979166666669183e-03 8.049479166666650976e-03
6.300000000000000000e+01 7.268618941462634542e-03 4.784661964267146982e-03 9.979166666666705598e-03 6.273437500000000368e-03
6.400000000000000000e+01 9.575846968315263313e-04 7.823314455147964072e-03 1.354166666666711816e-03 9.877604166666609231e-03
6.500000000000000000e+01 2.539846967490880496e-03 5.671844958741593598e-03 2.916666666666678509e-03 6.815104166666641206e-03
6.600000000000000000e+01 4.304668201080953313e-03 3.683498474377613040e-03 4.979166666666701158e-03 5.593749999999999764e-03
6.700000000000000000e+01 3.270124160115238463e-03 5.185372893150032823e-03 4.557291666666685170e-03 6.338541666666586138e-03
6.800000000000000000e+01 6.143308648984192877e-03 5.609246240978099478e-03 7.596354166666707819e-03 6.932291666666645646e-03
6.900000000000000000e+01 4.990136823967693605e-03 4.922350857452875011e-03 6.588541666666669627e-03 5.955729166666645646e-03
7.000000000000000000e+01 1.245151185878409349e-03 6.314262723151397444e-03 1.572916666666701602e-03 7.916666666666682950e-03
7.100000000000000000e+01 4.268772527443817459e-03 3.195777268562439988e-03 5.955729166666701158e-03 4.765624999999999896e-03
7.200000000000000000e+01 2.371202969466468247e-03 4.588300521812719787e-03 2.549479166666701602e-03 5.404947916666680285e-03
7.300000000000000000e+01 2.791815151232292323e-03 4.007290236642430635e-03 3.404947916666678509e-03 4.929687500000000042e-03
7.400000000000000000e+01 3.357427619109048383e-03 3.699661803039332002e-03 4.686197916666690055e-03 4.722656250000000291e-03
7.500000000000000000e+01 2.552461474164538155e-03 4.144739412430672662e-03 3.373697916666695829e-03 4.811197916666620777e-03
7.600000000000000000e+01 1.657079460965052474e-03 4.623309127058460033e-03 1.983072916666661634e-03 5.666666666666597685e-03
7.700000000000000000e+01 2.724147850820382143e-03 3.564367685905229892e-03 3.139322916666686947e-03 4.593749999999999743e-03
7.800000000000000000e+01 1.103972027975585763e-03 6.014961344784163118e-03 1.561197916666701158e-03 7.576822916666614560e-03
7.900000000000000000e+01 1.149086881785874904e-03 5.042728953196857176e-03 1.377604166666712704e-03 6.299479166666621666e-03
8.000000000000000000e+01 2.236191184095674255e-03 3.669977831587324657e-03 2.928385416666678953e-03 4.260416666666655416e-03
8.100000000000000000e+01 2.441916439747442158e-03 5.634539279104968344e-03 3.033854166666682950e-03 7.100260416666670515e-03
8.200000000000000000e+01 2.827596953513938308e-03 3.185500172097872808e-03 3.752604166666673180e-03 4.222656249999999847e-03
8.300000000000000000e+01 1.931119304405974407e-03 3.930214413657467237e-03 2.490885416666699381e-03 4.701822916666653640e-03
8.400000000000000000e+01 1.900115378819574631e-03 3.677771456182537309e-03 2.457682291666707375e-03 4.373697916666641206e-03
8.500000000000000000e+01 1.757352490928015040e-03 3.879832709989291910e-03 2.110026041666712704e-03 4.662760416666578145e-03
8.600000000000000000e+01 9.357713373878826695e-04 4.774615502979685962e-03 1.088541666666664742e-03 5.983072916666665186e-03
8.700000000000000000e+01 1.633874510294984440e-03 3.858607577525462358e-03 2.133463541666658081e-03 4.690104166666597685e-03
8.800000000000000000e+01 2.501928687524301431e-03 2.867263612767693027e-03 3.463541666666680729e-03 3.646484374999999986e-03
8.900000000000000000e+01 2.146506392219761292e-03 4.238965763535384144e-03 2.869791666666676733e-03 5.295572916666602126e-03
9.000000000000000000e+01 2.246194187443386735e-03 3.493740160478350180e-03 3.158854166666669183e-03 4.235026041666589691e-03
9.100000000000000000e+01 7.183609798861183456e-04 4.637990081473803219e-03 9.029947916666669627e-04 5.834635416666622554e-03
9.200000000000000000e+01 2.448828128461689319e-03 2.514115474973369589e-03 2.904947916666678065e-03 3.570312500000000135e-03
9.300000000000000000e+01 1.331758065299848155e-03 3.609685545933929637e-03 1.472330729166693164e-03 4.409830729166674956e-03
9.400000000000000000e+01 1.435519286659740767e-03 3.326246289510715898e-03 1.591471354166706931e-03 4.009440104166595020e-03
9.500000000000000000e+01 2.198276014315809698e-03 2.609160591499359166e-03 3.056315104166706931e-03 3.249999999999999851e-03
9.600000000000000000e+01 1.406734957491174217e-03 4.209828586395973973e-03 1.904947916666677177e-03 5.291666666666583474e-03
9.700000000000000000e+01 1.297098694573632768e-03 3.828194899147942774e-03 1.832682291666665186e-03 4.766276041666683838e-03
9.800000000000000000e+01 1.639667857478380002e-03 2.794383240803268494e-03 1.932291666666696717e-03 3.229166666666616337e-03
9.900000000000000000e+01 2.248410852866528867e-03 2.516676973064950907e-03 3.167643229166683394e-03 3.115234374999999948e-03
1.000000000000000000e+02 8.577051450299329974e-04 3.648448522035119875e-03 9.410807291667100394e-04 4.551432291666657193e-03
1.010000000000000000e+02 1.357129733501000060e-03 3.111704377155459500e-03 1.815104166666692276e-03 3.781901041666646535e-03
1.020000000000000000e+02 1.599882838145118367e-03 2.589343483441723746e-03 1.984049479166694052e-03 3.022460937500000191e-03
1.030000000000000000e+02 3.525180217443413147e-04 4.129184257605858673e-03 3.668619791666882790e-04 5.213541666666654528e-03
1.040000000000000000e+02 1.492075526999939823e-03 2.542641348596525342e-03 1.767252604166658081e-03 2.939127604166591468e-03
1.050000000000000000e+02 6.315138144909630607e-04 3.762407556033873189e-03 8.854166666666940522e-04 4.737955729166576369e-03
1.060000000000000000e+02 1.763164985807608078e-03 3.109775408805402243e-03 2.454752604166665630e-03 3.828776041666648311e-03
1.070000000000000000e+02 1.806701622468757278e-03 2.952919147185906288e-03 2.543619791666673624e-03 3.590494791666620777e-03
1.080000000000000000e+02 1.833350109254752247e-03 2.062311973092866100e-03 2.384440104166662966e-03 2.760742187499999958e-03
1.090000000000000000e+02 1.111362569223395269e-03 3.048067104219184722e-03 1.567057291666673624e-03 3.780924479166669627e-03
1.100000000000000000e+02 1.485271232372887239e-03 3.323890989636126871e-03 1.974283854166702934e-03 4.166666666666651864e-03
1.110000000000000000e+02 2.046236969286134317e-03 2.634311645397619753e-03 2.835611979166707819e-03 3.175455729166665186e-03
1.120000000000000000e+02 2.258437642483871518e-03 2.531479781910228946e-03 3.113932291666676733e-03 3.016276041666654528e-03
1.130000000000000000e+02 2.342920068806990993e-03 1.733924142699870986e-03 2.577799479166698049e-03 2.671875000000000205e-03
1.140000000000000000e+02 1.490122895232513095e-03 2.173284370664538279e-03 1.816080729166669183e-03 2.656250000000000191e-03
1.150000000000000000e+02 1.192057224998008128e-03 3.095241110227336685e-03 1.664713541666695829e-03 3.864908854166682062e-03
1.160000000000000000e+02 1.595687918017952601e-03 1.990019772046356956e-03 1.678385416666705598e-03 2.630859374999999951e-03
1.170000000000000000e+02 8.762631759583975471e-04 3.309210685610746057e-03 1.230143229166702490e-03 4.157877604166637653e-03
1.180000000000000000e+02 1.921240297733003456e-03 1.938340466235549502e-03 2.678385416666706487e-03 2.573242187499999792e-03
1.190000000000000000e+02 1.853570395757932416e-03 1.765344968886458548e-03 2.505045572916697605e-03 2.480957031250000198e-03
1.200000000000000000e+02 1.649882831491340492e-03 1.928259919947055258e-03 2.134440104166690499e-03 2.545410156250000038e-03
1.210000000000000000e+02 9.462285643052888249e-04 2.659271130324503303e-03 1.302408854166658969e-03 3.285807291666609231e-03
1.220000000000000000e+02 1.413107500934793464e-03 2.356602456557113038e-03 1.996744791666671404e-03 2.832194010416677621e-03
1.230000000000000000e+02 1.390961533685921864e-03 2.632093989944624384e-03 1.944010416666697161e-03 3.247233072916633212e-03
1.240000000000000000e+02 1.683107931953411887e-03 2.993347016344283934e-03 2.103190104166707819e-03 3.760416666666599461e-03
1.250000000000000000e+02 1.555854687236850288e-03 2.093191375986064653e-03 2.196940104166711372e-03 2.436197916666604790e-03
1.260000000000000000e+02 1.504658467703812175e-03 2.217853983092920971e-03 2.126139322916664742e-03 2.652994791666585250e-03
1.270000000000000000e+02 1.455796410242135271e-03 1.777145324362165756e-03 1.630533854166671404e-03 2.363769531250000094e-03
1.280000000000000000e+02 1.443874085540311101e-03 2.185731827151728840e-03 2.040690104166686947e-03 2.620768229166681174e-03
1.290000000000000000e+02 1.791087615159687313e-03 1.556302182600621331e-03 2.316080729166669627e-03 2.311523437499999993e-03
1.300000000000000000e+02 1.957782955476125228e-03 1.686575960373307842e-03 2.761393229166686503e-03 2.317382812500000215e-03
1.310000000000000000e+02 1.384091357625111219e-03 1.734701062960705394e-03 1.808756510416675845e-03 2.214843749999999799e-03
1.320000000000000000e+02 1.132045611961821855e-03 2.018648373946186573e-03 1.405924479166709151e-03 2.361490885416595020e-03
1.330000000000000000e+02 1.385800922616561457e-03 1.679402585964195112e-03 1.585123697916690499e-03 2.236816406250000198e-03
1.340000000000000000e+02 5.267687138751117430e-04 2.953867262278876780e-03 7.403971354166816177e-04 3.724772135416665186e-03
1.350000000000000000e+02 1.083208541529460164e-03 2.399399050007172424e-03 1.521158854166704266e-03 2.975260416666625218e-03
1.360000000000000000e+02 1.293043269545062065e-03 1.808072354855368375e-03 1.755533854166657637e-03 2.158691406250000128e-03
1.370000000000000000e+02 1.046481037818821789e-03 2.025473577945855960e-03 1.389322916666657637e-03 2.417154947916611007e-03
1.380000000000000000e+02 1.255890662115205503e-03 1.670295593204658164e-03 1.509928385416692276e-03 2.126464843750000208e-03
1.390000000000000000e+02 1.004137513092333593e-03 2.077621083363231230e-03 1.298502604166695829e-03 2.490885416666643870e-03
1.400000000000000000e+02 8.865984789842002280e-04 2.063497860665114338e-03 1.165201822916683838e-03 2.506510416666607455e-03
1.410000000000000000e+02 4.656108293645611139e-04 2.533796156205756715e-03 4.835611979167042662e-04 3.177897135416607455e-03
1.420000000000000000e+02 1.295621345164396686e-03 2.198613157396542717e-03 1.807779947916698937e-03 2.697916666666633212e-03
1.430000000000000000e+02 9.159817593334789723e-04 2.081022780561745528e-03 1.266276041666680729e-03 2.540690104166576369e-03
1.440000000000000000e+02 1.784822747713998934e-03 1.872669472327398747e-03 2.432291666666697161e-03 2.234537760416599461e-03
1.450000000000000000e+02 1.869045643578345081e-03 1.586366128861576436e-03 2.631022135416660745e-03 2.039550781249999806e-03
1.460000000000000000e+02 1.384870038910731042e-03 2.075904735701078994e-03 1.895182291666686059e-03 2.549967447916579033e-03
1.470000000000000000e+02 1.275423629460916038e-03 1.673881194594985852e-03 1.785807291666663410e-03 1.975097656249999965e-03
1.480000000000000000e+02 1.333599858666350679e-03 1.388059156316998272e-03 1.477213541666688723e-03 1.972656250000000017e-03
1.490000000000000000e+02 1.291828469683848745e-03 1.431368100611826516e-03 1.301920572916670515e-03 1.988769531250000194e-03
1.500000000000000000e+02 1.440223634856415509e-03 1.414085860437032209e-03 1.940348307291672736e-03 1.967041015625000094e-03
1.510000000000000000e+02 1.406374359518975953e-03 1.414090918506495697e-03 1.913248697916702934e-03 1.934082031249999929e-03
1.520000000000000000e+02 1.312881197396307100e-03 1.761220208767275358e-03 1.856608072916710039e-03 2.070475260416593244e-03
1.530000000000000000e+02 1.123321683865240520e-03 1.958982718033704280e-03 1.582438151041698493e-03 2.392496744791583474e-03
1.540000000000000000e+02 6.474677626203834959e-04 2.046094280814253832e-03 7.328287760416940522e-04 2.523844401041586138e-03
1.550000000000000000e+02 1.192278090313102223e-03 1.357199490121115473e-03 1.432535807291690499e-03 1.844482421874999931e-03
1.560000000000000000e+02 1.295995148269149218e-03 1.648195752199659199e-03 1.831461588541694052e-03 1.930338541666576369e-03
1.570000000000000000e+02 1.258438217979220139e-03 1.506555418651820809e-03 1.773111979166686059e-03 1.812988281250000038e-03
1.580000000000000000e+02 1.111713942106842476e-03 1.467815908704588057e-03 1.454508463541670515e-03 1.832763671874999920e-03
1.590000000000000000e+02 1.185177563440945958e-03 1.981702788776763206e-03 1.627848307291679397e-03 2.445719401041657193e-03
1.600000000000000000e+02 1.046779237545719492e-03 1.396822462082407314e-03 1.061686197916689167e-03 1.795898437499999969e-03
1.610000000000000000e+02 7.826562601610047819e-04 1.661813864341981067e-03 9.501139322916629659e-04 1.989420572916622554e-03
1.620000000000000000e+02 1.006323281707135423e-03 1.621469729841414032e-03 1.411051432291698937e-03 1.922770182291588803e-03
1.630000000000000000e+02 8.750757835509595821e-04 1.818469835334660459e-03 1.234049479166665630e-03 2.222330729166666075e-03
1.640000000000000000e+02 1.041317463198378245e-03 1.619872968683756537e-03 1.463541666666678953e-03 1.915445963541650976e-03
1.650000000000000000e+02 3.338252451287205408e-04 2.308766837820196757e-03 4.283854166666767327e-04 2.906901041666576369e-03
1.660000000000000000e+02 1.102740411775317893e-03 1.764552751517842275e-03 1.542154947916707375e-03 2.153727213541678509e-03
1.670000000000000000e+02 1.114129002093042480e-03 1.599066550996579641e-03 1.572428385416657637e-03 1.912516276041609231e-03
1.680000000000000000e+02 5.762469973684677471e-04 1.761759324040019972e-03 5.973307291666785090e-04 2.168131510416615448e-03
1.690000000000000000e+02 9.154048131256986966e-04 1.413642648853482122e-03 1.081949869791709595e-03 1.695556640625000069e-03
1.700000000000000000e+02 8.459812712214460082e-04 1.479782208678268041e-03 8.802897135417042662e-04 1.712320963541680285e-03
1.710000000000000000e+02 1.025502815365956144e-03 1.362324377940800444e-03 1.357584635416686503e-03 1.687499999999999981e-03
1.720000000000000000e+02 6.776271714515975843e-04 1.647169757128157021e-03 8.551432291666882790e-04 2.002360026041594132e-03
1.730000000000000000e+02 6.713991081558732957e-04 1.572514127754744400e-03 7.120768229166851704e-04 1.896647135416595908e-03
1.740000000000000000e+02 8.462906759851952050e-04 1.405850399603759959e-03 9.042154947916936081e-04 1.649169921874999974e-03
1.750000000000000000e+02 2.659820450799684063e-04 2.114592645339624828e-03 2.843424479166967167e-04 2.664225260416652752e-03
1.760000000000000000e+02 4.782920851572966948e-04 1.913603317559911575e-03 6.756998697917127039e-04 2.399820963541632324e-03
1.770000000000000000e+02 6.933990371654895780e-04 1.894987930890128323e-03 9.740397135417078189e-04 2.365885416666602126e-03
1.780000000000000000e+02 1.022753895695111557e-03 1.680564475484653229e-03 1.409342447916683838e-03 2.069742838541666075e-03
1.790000000000000000e+02 1.195732315849792849e-03 1.223762282097817528e-03 1.689127604166673624e-03 1.549804687499999967e-03
1.800000000000000000e+02 4.723889424341006665e-04 1.738584750536619448e-03 5.026041666666980490e-04 2.158365885416624330e-03
1.810000000000000000e+02 8.973522468678205889e-04 1.496158286380175036e-03 1.268229166666690055e-03 1.798990885416684726e-03
1.820000000000000000e+02 5.317440509434504230e-04 1.840891557928646524e-03 7.513834635416993812e-04 2.302164713541610119e-03
1.830000000000000000e+02 9.989309838866506242e-04 1.172784725574889950e-03 1.256266276041695384e-03 1.558837890624999948e-03
1.840000000000000000e+02 6.238783022683684490e-04 1.710767097711335741e-03 8.739420572916878349e-04 2.117716471354169627e-03
1.850000000000000000e+02 5.124791386927777864e-04 1.879300361336113355e-03 7.228190104167087071e-04 2.358194986979089691e-03
1.860000000000000000e+02 5.277457827948977328e-04 1.724180421300898101e-03 7.360026041666745122e-04 2.146769205729093244e-03
1.870000000000000000e+02 6.530308439343740718e-04 1.407563933047026490e-03 7.508951822917109276e-04 1.684611002604086138e-03
1.880000000000000000e+02 6.117246957724944284e-04 1.635761465461975719e-03 8.633219401041891672e-04 2.027872721354184726e-03
1.890000000000000000e+02 9.002847128816962759e-04 1.136675143415952693e-03 1.117472330729174512e-03 1.470092773437499910e-03
1.900000000000000000e+02 7.398076595905936099e-04 1.300849987672965304e-03 8.639322916667024899e-04 1.511515299479126995e-03
1.910000000000000000e+02 5.349520195359112971e-04 1.521274401989595017e-03 5.730387369791700714e-04 1.864176432291642094e-03
1.920000000000000000e+02 4.678329575025815109e-04 1.736907943702800791e-03 6.578776041666900554e-04 2.172770182291672292e-03
1.930000000000000000e+02 5.395164390593495084e-04 1.635451939581031690e-03 7.596842447916696273e-04 2.035074869791597685e-03
1.940000000000000000e+02 4.175835306856323908e-04 1.630410405184213327e-03 4.860026041667020458e-04 2.029337565104150087e-03
1.950000000000000000e+02 6.703804431222881461e-04 1.334635922191443032e-03 8.934733072916700714e-04 1.599039713541583474e-03
1.960000000000000000e+02 5.333982738555100240e-04 1.812792633812297053e-03 7.352701822916918317e-04 2.278971354166658969e-03
1.970000000000000000e+02 6.895439381117129127e-04 1.303851295564133900e-03 8.935953776041949403e-04 1.546061197916670515e-03
1.980000000000000000e+02 7.277089403510038574e-04 1.554803020092828444e-03 1.022135416666680729e-03 1.924845377604178509e-03
1.990000000000000000e+02 9.292364664831431883e-04 1.027630508492508813e-03 1.258829752604162522e-03 1.355224609375000038e-03
2.000000000000000000e+02 6.882134237558216842e-04 1.322242468964988319e-03 9.420572916666869467e-04 1.586100260416611896e-03
2.010000000000000000e+02 7.113013221560020825e-04 1.202367536409890874e-03 9.083658854167064867e-04 1.397745768229152752e-03
2.020000000000000000e+02 6.348465044710466416e-04 1.450326443104904810e-03 8.973795572916887231e-04 1.787272135416628771e-03
2.030000000000000000e+02 6.743590500803058139e-04 1.177263534271100025e-03 7.434488932291927199e-04 1.363077799479084362e-03
2.040000000000000000e+02 5.443987429896379954e-04 1.601833295026225011e-03 7.690836588541971608e-04 1.999430338541663410e-03
2.050000000000000000e+02 8.130308774595866117e-04 1.586326222628725666e-03 1.085245768229159413e-03 1.981608072916585250e-03
2.060000000000000000e+02 7.876323758780409559e-04 1.061727673776329591e-03 9.590250651042020458e-04 1.341186523437500012e-03
2.070000000000000000e+02 4.255961697368343248e-04 1.509647158292518445e-03 5.796305338541807295e-04 1.880533854166643870e-03
2.080000000000000000e+02 7.495528197090146503e-04 1.128459258942453042e-03 9.580485026041696273e-04 1.345947265624999976e-03
2.090000000000000000e+02 5.314617171429584066e-04 1.274330967597188738e-03 5.594889322916851704e-04 1.540445963541636765e-03
2.100000000000000000e+02 5.684074514067814689e-04 1.280987178103274891e-03 7.258707682291642982e-04 1.547892252604099461e-03
2.110000000000000000e+02 5.397135968854424809e-04 1.269781813714992297e-03 5.399576822917029340e-04 1.531901041666672292e-03
2.120000000000000000e+02 5.206351101687195027e-04 1.257001017291244603e-03 5.519205729166976049e-04 1.520548502604079921e-03
2.130000000000000000e+02 3.106294824650837638e-04 1.597033122275253380e-03 4.202067057291758445e-04 2.005167643229111007e-03
2.140000000000000000e+02 5.848469921292416942e-04 1.223668281871212156e-03 7.705485026041625218e-04 1.471842447916649199e-03
2.150000000000000000e+02 4.205427493603005229e-04 1.667747219674953381e-03 5.814615885416651864e-04 2.099650065104152752e-03
2.160000000000000000e+02 6.654667194256933633e-04 1.176347252545275604e-03 9.277750651041638541e-04 1.406534830729166963e-03
2.170000000000000000e+02 5.504397279596886291e-04 1.191975915451783021e-03 6.663004557291851704e-04 1.429972330729167851e-03
2.180000000000000000e+02 7.245027178572865500e-04 1.004399598955262561e-03 9.130045572917078189e-04 1.244506835937500035e-03
2.190000000000000000e+02 8.419156483672963131e-04 1.104388280737210806e-03 1.190592447916694052e-03 1.293619791666644758e-03
2.200000000000000000e+02 4.683870544045642004e-04 1.420906235104289544e-03 6.622721354166971608e-04 1.771769205729079033e-03
2.210000000000000000e+02 6.309743933187999133e-04 1.060301228287270853e-03 6.700846354166789531e-04 1.238281250000000016e-03
2.220000000000000000e+02 8.903072758995068123e-04 1.298992889393823461e-03 1.207804361979203378e-03 1.598307291666656305e-03
2.230000000000000000e+02 8.488865238859594382e-04 1.187485563039820122e-03 1.185953776041692720e-03 1.434000651041600349e-03
2.240000000000000000e+02 8.749266586144756113e-04 8.313519670453775080e-04 1.045328776041687391e-03 1.215209960937500009e-03
2.250000000000000000e+02 4.909533429221595545e-04 1.268121133807476259e-03 6.704508463541980490e-04 1.558268229166603902e-03
2.260000000000000000e+02 6.777190677894193898e-04 9.722116372074815016e-04 8.004557291667047103e-04 1.202270507812500024e-03
2.270000000000000000e+02 6.649200169835159900e-04 1.237304079817856369e-03 9.379069010416740682e-04 1.515909830729134100e-03
2.280000000000000000e+02 6.918993853776547525e-04 1.059353453774339792e-03 9.665934244791896113e-04 1.243082682291674068e-03
2.290000000000000000e+02 5.811606295447447300e-04 1.022457909177223144e-03 6.850992838541847263e-04 1.188761393229098573e-03
2.300000000000000000e+02 5.157351079251847612e-04 1.088845474300358281e-03 5.874430338541625218e-04 1.299601236979142094e-03
2.310000000000000000e+02 5.190569537912327874e-04 1.093413419819896405e-03 5.918375651041696273e-04 1.304728190104076369e-03
2.320000000000000000e+02 4.855863300584854075e-04 1.146891354358451796e-03 6.349283854166776209e-04 1.394205729166597685e-03
2.330000000000000000e+02 4.958558442444454184e-04 1.227730130985185599e-03 6.787516276041682950e-04 1.505167643229166075e-03
2.340000000000000000e+02 4.573429997046346801e-04 1.188307282787328268e-03 5.558268229166607455e-04 1.449869791666613672e-03
2.350000000000000000e+02 4.590310733567556098e-04 1.528338293471493163e-03 6.036783854166949403e-04 1.926310221354143870e-03
2.360000000000000000e+02 8.253041057110818268e-04 9.625804735628734751e-04 1.167154947916693164e-03 1.134277343749999977e-03
2.370000000000000000e+02 5.281582292063468622e-04 1.057982128484791229e-03 6.461588541666896113e-04 1.257975260416599461e-03
2.380000000000000000e+02 4.550401992893301898e-04 1.133438391810906052e-03 5.920817057291638541e-04 1.383097330729166075e-03
2.390000000000000000e+02 7.019029340500223483e-04 8.546531373077731475e-04 8.633219401041891672e-04 1.124511718749999969e-03
2.400000000000000000e+02 4.285469484969513633e-04 1.105760848025248667e-03 4.750162760416842822e-04 1.345865885416630547e-03
2.410000000000000000e+02 4.237722915773853316e-04 1.503285402072070120e-03 5.427652994791642982e-04 1.897135416666584362e-03
2.420000000000000000e+02 4.268058489881414977e-04 1.213532348693882818e-03 5.867106119791798413e-04 1.500040690104120777e-03
2.430000000000000000e+02 5.124469595563310460e-04 9.896306844307623061e-04 5.622965494792020458e-04 1.165812174479086138e-03
2.440000000000000000e+02 7.107451752830353051e-04 8.104680340887954323e-04 8.601481119792087071e-04 1.099365234375000028e-03
2.450000000000000000e+02 8.450124468762780809e-04 1.051037139767809847e-03 1.164835611979164742e-03 1.267374674479126995e-03
2.460000000000000000e+02 2.259584500765347782e-04 1.455634557337164405e-03 3.191324869791789531e-04 1.835123697916607455e-03
2.470000000000000000e+02 5.457127383589806821e-04 1.036538072095390681e-03 7.616373697916789531e-04 1.249796549479098573e-03
2.480000000000000000e+02 5.577949349006038927e-04 9.324034960325438669e-04 6.822916666666678509e-04 1.077270507812499913e-03
2.490000000000000000e+02 6.160343210601451625e-04 9.469395472827626687e-04 8.413492838542091512e-04 1.098551432291650087e-03
2.500000000000000000e+02 4.156764074751103711e-04 1.078238709875611444e-03 4.309488932291993812e-04 1.312296549479174956e-03
2.510000000000000000e+02 3.540034385473249520e-04 1.144579867913279826e-03 3.614908854167042662e-04 1.412760416666603014e-03
2.520000000000000000e+02 3.573618689671373373e-04 1.154911317177299834e-03 4.722086588541674068e-04 1.431437174479133212e-03
2.530000000000000000e+02 4.824088236853018023e-04 9.632209516867207321e-04 5.381266276041629659e-04 1.140665690104181174e-03
2.540000000000000000e+02 2.878668934762736642e-04 1.245197558333485969e-03 3.456217447916909435e-04 1.554972330729098573e-03
2.550000000000000000e+02 4.129474027827411222e-04 1.140843373780489091e-03 5.741373697916718477e-04 1.410563151041599461e-03
2.560000000000000000e+02 5.533525980773255221e-04 1.205652921633264913e-03 7.615152994792095953e-04 1.502726236979112784e-03
2.570000000000000000e+02 5.118811756450345959e-04 9.322489039596138644e-04 6.614176432291896113e-04 1.099039713541638541e-03
2.580000000000000000e+02 7.163146450021210627e-04 7.689048150518228500e-04 9.642740885416611896e-04 1.031372070312499981e-03
2.590000000000000000e+02 3.623578003244725472e-04 1.100389979895685872e-03 4.331461588542029340e-04 1.355509440104096797e-03
2.600000000000000000e+02 6.295269587670584109e-04 9.119457422111902373e-04 8.889567057291936081e-04 1.074625651041660745e-03
2.610000000000000000e+02 8.022143584114390779e-04 9.335801038449235891e-04 1.124430338541704266e-03 1.097696940104087027e-03
2.620000000000000000e+02 6.539276327426999259e-04 9.390584000113379572e-04 9.243570963541891672e-04 1.118204752604157193e-03
2.630000000000000000e+02 7.909509478004927204e-04 8.707294935600658550e-04 1.111612955729202046e-03 1.009073893229128771e-03
2.640000000000000000e+02 8.108847908247645035e-04 8.401869479239447783e-04 1.143107096354178953e-03 1.002319335937500036e-03
2.650000000000000000e+02 9.269307060904426968e-04 1.030528492867081739e-03 1.222574869791659413e-03 1.259684244791614560e-03
2.660000000000000000e+02 5.261764054802415581e-04 8.848740509155933682e-04 7.029215494792073748e-04 1.036051432291684726e-03
2.670000000000000000e+02 7.520693629975684852e-04 8.914453042947722552e-04 1.053507486979188279e-03 1.052042643229111896e-03
2.680000000000000000e+02 7.228393901129851785e-04 7.048103311813783784e-04 9.598795572917095953e-04 9.914550781249999861e-04
