0.000000000000000000e+00 1.073500691550079503e-02 4.513798105079736001e-03 9.473966545967521524e-02 1.692412259200309910e-01
1.000000000000000000e+00 1.024276604318326636e-02 4.156637673628039119e-03 1.055594651992853850e-01 1.444042518058804569e-01
2.000000000000000000e+00 8.947492158741524731e-03 3.902387794411163371e-03 1.154405348007145893e-01 1.831162259200309617e-01
3.000000000000000000e+00 5.097684421070493473e-03 3.293281968449567835e-03 4.473990518246528936e-02 1.331555103773780502e-01
4.000000000000000000e+00 3.985981880976935052e-03 3.154864831017095261e-03 4.831379920498846126e-02 1.338662259200310012e-01
5.000000000000000000e+00 3.863742721043389363e-03 3.117503380722604685e-03 4.774128285919398973e-02 1.248230226833801776e-01
6.000000000000000000e+00 3.704769173235432627e-03 3.095587987958196494e-03 3.949101040026686826e-02 1.278430103773780246e-01
7.000000000000000000e+00 4.166198068956116288e-03 3.132894953039201593e-03 4.193270068951115981e-02 1.203230226833801736e-01
8.000000000000000000e+00 3.857535419466403930e-03 3.126898892477950401e-03 3.540495079501160269e-02 1.549287259200309852e-01
9.000000000000000000e+00 3.931556084395422188e-03 3.082596209495616114e-03 5.572004920498840885e-02 1.285849759200309861e-01
1.000000000000000000e+01 3.551275065919173336e-03 3.070792814684738647e-03 2.837099456780567408e-02 1.255417726833801817e-01
1.100000000000000000e+01 3.470696375124288080e-03 3.055116894601881371e-03 3.235516425851814315e-02 1.274167726833801695e-01
1.200000000000000000e+01 4.439691507182245804e-03 3.107893823034566308e-03 4.270865518246524939e-02 1.240886785448795104e-01
1.300000000000000000e+01 3.600129528542109041e-03 3.070178997012603349e-03 2.818942493440079744e-02 1.315224759200309679e-01
1.400000000000000000e+01 3.398176471009693635e-03 3.024697930021425125e-03 2.601141425851816180e-02 1.217099759200309661e-01
1.500000000000000000e+01 3.788048836465302428e-03 3.058995572931801511e-03 4.121369943632446908e-02 1.297099759200309732e-01
1.600000000000000000e+01 3.609625007514332459e-03 3.012806856768128049e-03 2.684964723596366953e-02 1.234599759200309954e-01
1.700000000000000000e+01 3.789372554908435661e-03 3.023077632024833393e-03 3.468557506559921677e-02 1.384287259200309705e-01
1.800000000000000000e+01 4.307293324202806327e-03 3.054994735127432130e-03 3.993244943632445754e-02 1.118662259200309816e-01
1.900000000000000000e+01 3.623852476643606418e-03 2.997600943595251852e-03 2.662196519928539118e-02 1.289599759200310003e-01
2.000000000000000000e+01 3.479857318760515641e-03 3.004232491121900869e-03 2.506755056367560019e-02 1.458662259200310118e-01
2.100000000000000000e+01 4.093050625331316229e-03 3.016137042271501301e-03 4.697884481753467067e-02 1.228349759200310087e-01
2.200000000000000000e+01 3.830354280032227231e-03 2.975952027990762510e-03 3.487629920498847014e-02 1.232724759200309883e-01
2.300000000000000000e+01 3.491129569510400578e-03 2.955219590064485369e-03 2.616954339855651068e-02 1.248662259200309932e-01
2.400000000000000000e+01 3.884333093708002525e-03 2.989855690976611028e-03 4.315224456780564211e-02 1.183662259200309874e-01
2.500000000000000000e+01 3.141203609582907553e-03 2.877552599593381256e-03 3.422614715696792320e-02 1.129131009200309843e-01
2.600000000000000000e+01 2.906794808899764750e-03 2.867291518678590639e-03 2.347428018246533465e-02 1.320068509200310047e-01
2.700000000000000000e+01 2.960906012415756919e-03 2.881109284169330615e-03 3.346003285919396664e-02 1.138818509200310025e-01
2.800000000000000000e+01 2.921070803410666123e-03 2.838279023273941343e-03 3.076141425851819378e-02 1.129011476833801791e-01
2.900000000000000000e+01 3.250560905374380062e-03 2.872212664951015980e-03 3.363932579501160980e-02 1.130068509200309879e-01
3.000000000000000000e+01 2.886972004953355236e-03 2.828684103020628199e-03 2.730564907996896329e-02 1.100105226833801714e-01
3.100000000000000000e+01 3.049942667876671433e-03 2.820516135466854223e-03 2.850414291366543118e-02 1.097292726833801746e-01
3.200000000000000000e+01 3.045798356278991287e-03 2.825590976254139814e-03 3.177971605472607042e-02 1.176474759200309972e-01
3.300000000000000000e+01 2.896668834302886138e-03 2.804343676724778151e-03 2.025129920498847103e-02 1.249131009200309950e-01
3.400000000000000000e+01 3.062190313840865846e-03 2.814756085393555363e-03 2.699578925851819911e-02 1.066943509200309892e-01
3.500000000000000000e+01 2.840657536739702067e-03 2.813607616176569490e-03 1.928515883644954521e-02 1.101162259200310078e-01
3.600000000000000000e+01 2.948588796237632936e-03 2.782547404341761694e-03 2.274177215696793208e-02 1.117605226833801729e-01
3.700000000000000000e+01 2.861029199555011580e-03 2.775859977552185779e-03 1.709301611725172476e-02 1.362256009200309981e-01
3.800000000000000000e+01 3.222138163979469585e-03 2.784537246736984700e-03 3.060065785919396930e-02 1.238323357414818915e-01
3.900000000000000000e+01 2.748518521044678465e-03 2.740701880106786396e-03 2.127703925851820443e-02 1.100573976833801731e-01
4.000000000000000000e+01 3.159971377933954231e-03 2.769117693733201286e-03 2.851141425851810851e-02 1.041042726833801696e-01
4.100000000000000000e+01 2.840906763450702643e-03 2.746637872450423661e-03 2.071056083028383066e-02 1.172881009200310021e-01
4.200000000000000000e+01 3.018986067686297951e-03 2.734165346012608095e-03 2.247847776403633091e-02 1.019599759200309763e-01
4.300000000000000000e+01 3.204433859963112894e-03 2.752874790763636201e-03 3.112803480071468787e-02 1.152412259200309985e-01
4.400000000000000000e+01 2.615894157069129523e-03 2.698078494098418018e-03 1.723463224025567619e-02 1.047854607414818728e-01
4.500000000000000000e+01 3.085361096442359313e-03 2.684181054763800593e-03 2.053678018246529735e-02 9.896364768338017370e-02
4.600000000000000000e+01 3.150381896865881749e-03 2.698589119170138970e-03 2.589802215696790366e-02 1.135693509200310092e-01
4.700000000000000000e+01 3.132778248764177351e-03 2.664891089612275461e-03 3.156989715696789656e-02 1.015068509200309776e-01
4.800000000000000000e+01 3.311404693824277108e-03 2.684123321433813658e-03 2.622734400512996555e-02 1.172256009200309812e-01
4.900000000000000000e+01 3.690142117694772753e-03 2.692962087356542706e-03 3.410114715696788146e-02 1.098698976833801799e-01
5.000000000000000000e+01 2.675415850979278795e-03 2.646810629585207193e-03 2.197437366810145454e-02 1.249443509200309776e-01
5.100000000000000000e+01 2.960301505727922465e-03 2.645483235581800284e-03 2.534083391819524911e-02 1.143479607414817911e-01
5.200000000000000000e+01 3.168637727503294775e-03 2.640501143152501531e-03 2.910197784303203417e-02 1.232698357414818702e-01
5.300000000000000000e+01 2.913511605171770907e-03 2.625405296737985238e-03 3.108974456780566609e-02 1.168506009200309670e-01
5.400000000000000000e+01 3.088639202891490295e-03 2.577817852939004190e-03 3.367927215696797649e-02 9.605372592003097454e-02
5.500000000000000000e+01 3.326768774981453489e-03 2.593237430714826191e-03 2.896189907996898905e-02 9.593239768338017448e-02
5.600000000000000000e+01 2.709447695489780594e-03 2.586137695511304003e-03 2.266673945576236360e-02 1.122099759200310132e-01
5.700000000000000000e+01 2.601726390513535957e-03 2.604369213853338291e-03 1.896948388274827257e-02 1.294599759200310007e-01
5.800000000000000000e+01 3.479884796234591210e-03 2.553952881821154684e-03 3.738641425851818578e-02 9.980739768338017792e-02
5.900000000000000000e+01 3.719972359728171071e-03 2.579489931401240336e-03 2.913243583028379824e-02 9.760060092003097765e-02
6.000000000000000000e+01 3.979212675140449823e-03 2.606351446207480927e-03 3.175662046225485868e-02 9.192872592003098475e-02
6.100000000000000000e+01 3.126937699043878111e-03 2.563063846593102452e-03 2.935634019928534677e-02 1.228193509200309896e-01
6.200000000000000000e+01 3.080307870176316430e-03 2.529207713140951570e-03 1.915946864615358791e-02 1.028323357414818728e-01
6.300000000000000000e+01 2.717056292540459984e-03 2.517639335640961540e-03 2.313548945576238136e-02 9.558864768338017071e-02
6.400000000000000000e+01 3.068604919312267320e-03 2.489452456951334047e-03 2.170159105472602157e-02 9.750685092003097409e-02
6.500000000000000000e+01 3.279060570990177323e-03 2.513563314346983248e-03 2.558861445576232629e-02 9.986622592003097099e-02
6.600000000000000000e+01 3.274623244637750105e-03 2.493697391084409663e-03 3.133689907996900503e-02 8.977614768338017248e-02
6.700000000000000000e+01 3.348478545615061596e-03 2.491956588326116155e-03 3.044891425851814493e-02 8.657302268338018525e-02
6.800000000000000000e+01 2.913971900544595935e-03 2.463677694414441368e-03 3.204286956780566520e-02 9.620997592003099896e-02
6.900000000000000000e+01 2.972357953750542209e-03 2.486685628521431712e-03 2.267578383644952567e-02 1.156448357414818773e-01
7.000000000000000000e+01 3.787995422246251583e-03 2.488031364696950947e-03 3.382298945576234228e-02 8.802247592003098475e-02
7.100000000000000000e+01 2.702911349914311617e-03 2.431122655430668043e-03 2.128670973450857984e-02 9.566677268338018292e-02
7.200000000000000000e+01 2.928537791319016977e-03 2.430632128814944233e-03 1.974700069357182564e-02 9.603810092003101095e-02
7.300000000000000000e+01 3.418560403259902642e-03 2.498519229775897788e-03 3.360234400512998598e-02 1.157229607414818062e-01
7.400000000000000000e+01 3.362903687610675416e-03 2.443713419207997443e-03 3.221682506559930825e-02 1.001162259200309990e-01
7.500000000000000000e+01 3.387008365605771731e-03 2.406852463053590820e-03 3.027439907996903878e-02 7.891325889867867316e-02
7.600000000000000000e+01 3.395748130579578049e-03 2.424433372640115089e-03 2.936986445576228455e-02 1.079756009200310007e-01
7.700000000000000000e+01 3.089948107019034173e-03 2.412308003754155133e-03 2.863870006559920967e-02 9.291310092003096655e-02
7.800000000000000000e+01 4.056108926351614449e-03 2.483297457634438352e-03 3.557332568951115936e-02 8.445997592003096077e-02
7.900000000000000000e+01 3.385622425091451212e-03 2.439470354876259895e-03 2.340432506559930737e-02 9.841677268338017148e-02
8.000000000000000000e+01 3.939935085700971805e-03 2.431234977034153668e-03 3.719609400512996489e-02 8.711358574148186928e-02
8.100000000000000000e+01 2.549678099747668993e-03 2.353083418482301934e-03 2.038411101993214958e-02 9.489483574148183109e-02
8.200000000000000000e+01 3.647097887064979383e-03 2.370160759023902820e-03 3.351141425851811295e-02 8.401052268338018991e-02
8.300000000000000000e+01 3.252556946176561777e-03 2.357282284328179531e-03 3.028515883644944395e-02 8.361622592003098431e-02
8.400000000000000000e+01 2.900315592689898560e-03 2.347642170790289941e-03 2.655270800094838846e-02 1.094756009200310021e-01
8.500000000000000000e+01 3.790354367392733542e-03 2.388421285184024346e-03 2.645182579501159648e-02 8.146013389867867716e-02
8.600000000000000000e+01 3.332712155859088050e-03 2.390597795469890426e-03 3.293349456780564344e-02 8.751052268338016527e-02
8.700000000000000000e+01 4.195477477028414573e-03 2.430473779124018609e-03 3.138243583028382799e-02 9.057302268338017492e-02
8.800000000000000000e+01 4.210758233961121519e-03 2.466000870752350308e-03 4.269412046225484758e-02 1.043323357414818187e-01
8.900000000000000000e+01 3.467562919083954330e-03 2.313286328447747200e-03 2.657659105472609529e-02 8.222927268338017792e-02
9.000000000000000000e+01 2.648169385152049707e-03 2.265201148379982453e-03 2.929459268246525916e-02 8.176052268338018791e-02
9.100000000000000000e+01 2.360136712744789495e-03 2.259925089186028222e-03 1.679320541366535746e-02 9.020997592003099363e-02
9.200000000000000000e+01 2.392520389647211174e-03 2.225303207696807326e-03 2.238770891819524822e-02 8.772296074148189238e-02
9.300000000000000000e+01 2.324917487681838184e-03 2.212226472630870067e-03 1.730736445576230853e-02 8.485577324148185774e-02
9.400000000000000000e+01 2.519495870809005701e-03 2.213672129880101761e-03 1.797235175851819022e-02 8.078396018338018791e-02
9.500000000000000000e+01 3.210947860279172571e-03 2.278112748114726523e-03 2.248137569357189225e-02 8.419802268338016926e-02
9.600000000000000000e+01 2.461140943484364969e-03 2.216225371943384998e-03 2.053649707788132717e-02 8.387921074148185774e-02
9.700000000000000000e+01 2.289644392167088701e-03 2.194643893775865412e-03 1.586318206780568119e-02 7.841677268338018147e-02
9.800000000000000000e+01 2.734449739935028087e-03 2.225499427141379698e-03 2.153614641819526221e-02 9.602764824148180001e-02
9.900000000000000000e+01 3.357923803022525282e-03 2.250605077387244756e-03 2.782109400512997044e-02 7.294450889867867827e-02
